Result Log

Number of Runs: 	30
Black Cells Constraint 	True
Mutation Probability: 	0.5
Number of Generations in each run: 	200
Evaluations:  	10000
Random seed: 	5
Log file path+name: 	logs/d1_a
Solution file path+name: 	solutions/d1.txt

run 1
150	11.38	39
200	23.46	40
250	27.27	46
300	30.9	50
350	33.37	50
400	35.97	50
450	38.53	53
500	41.33	54
550	44.01	54
600	46.88	61
650	48.61	61
700	50.95	62
750	53.16	65
800	55.32	65
850	57.83	66
900	60.01	67
950	61.41	67
1000	62.28	68
1050	63.01	68
1100	63.73	70
1150	64.37	70
1200	65.08	71
1250	65.44	71
1300	66.07	71
1350	66.43	71
1400	66.91	71
1450	67.31	71
1500	67.82	72
1550	68.36	72
1600	68.84	73
1650	69.17	74
1700	69.54	75
1750	70.03	75
1800	70.65	76
1850	71.04	76
1900	71.77	76
1950	72.4	76
2000	72.81	76
2050	73.25	76
2100	73.79	76
2150	74.16	76
2200	74.58	76
2250	74.83	76
2300	75.11	77
2350	75.5	78
2400	75.65	78
2450	76.03	79
2500	76.19	79
2550	76.3	79
2600	76.45	80
2650	76.7	80
2700	76.83	80
2750	77.2	80
2800	77.63	80
2850	78.13	80
2900	78.48	80
2950	78.79	80
3000	79.02	80
3050	79.06	80
3100	79.08	80
3150	79.11	80
3200	79.18	80
3250	79.21	80
3300	79.27	80
3350	79.36	81
3400	79.56	81
3450	79.73	81
3500	79.95	81
3550	80.11	81
3600	80.13	81
3650	80.18	81
3700	80.25	81
3750	80.32	81
3800	80.43	81
3850	80.55	81
3900	80.65	81
3950	80.87	81
4000	81.01	82
4050	81.01	82
4100	81.01	82
4150	81.01	82
4200	81.01	82
4250	81.01	82
4300	81.04	82
4350	81.06	82
4400	81.13	82
4450	81.14	82
4500	81.2	82
4550	81.26	82
4600	81.35	82
4650	81.45	82
4700	81.57	82
4750	81.7	82
4800	81.85	82
4850	82.0	82
4900	82.0	82
4950	82.0	82
5000	82.0	82
5050	82.0	82
5100	82.0	82
5150	82.0	82
5200	82.0	82
5250	82.0	82
5300	82.0	82
5350	82.0	82
5400	82.0	82
5450	82.0	82
5500	82.0	82
5550	82.0	82
5600	82.0	82
5650	82.0	82
5700	82.0	82
5750	82.0	82
5800	82.0	82
5850	82.0	82
5900	82.0	82
5950	82.0	82
6000	82.0	82
6050	82.0	82
6100	82.0	82
6150	82.0	82
6200	82.0	82
6250	82.0	82
6300	82.0	82
6350	82.0	82
6400	82.0	82
6450	82.0	82
6500	82.0	82
6550	82.0	82
6600	82.0	82
6650	82.0	82
6700	82.0	82
6750	82.0	82
6800	82.0	82
6850	82.0	82
6900	82.0	82
6950	82.0	82
7000	82.0	82
7050	82.0	82
7100	82.0	82
7150	82.0	82
7200	82.0	82
7250	82.0	82
7300	82.0	82
7350	82.0	82
7400	82.0	82
7450	82.0	82
7500	82.0	82
7550	82.0	82
7600	82.0	82
7650	82.0	82
7700	82.0	82
7750	82.0	82
7800	82.0	82
7850	82.0	82
7900	82.0	82
7950	82.0	82
8000	82.0	82
8050	82.0	82
8100	82.0	82
8150	82.0	82
8200	82.0	82
8250	82.0	82
8300	82.0	82
8350	82.0	82
8400	82.0	82
8450	82.0	82
8500	82.0	82
8550	82.0	82
8600	82.0	82
8650	82.0	82
8700	82.0	82
8750	82.0	82
8800	82.0	82
8850	82.0	82
8900	82.0	82
8950	82.0	82
9000	82.0	82
9050	82.0	82
9100	82.0	82
9150	82.0	82
9200	82.0	82
9250	82.0	82
9300	82.0	82
9350	82.0	82
9400	82.0	82
9450	82.0	82
9500	82.0	82
9550	82.0	82
9600	82.0	82
9650	82.0	82
9700	82.0	82
9750	82.0	82
9800	82.0	82
9850	82.0	82
9900	82.0	82
9950	82.0	82
10000	82.0	82
run 2
150	14.11	59
200	40.06	67
250	56.95	67
300	58.52	68
350	60.32	68
400	61.94	68
450	63.45	71
500	64.84	72
550	65.84	72
600	67.08	72
650	67.93	72
700	68.92	75
750	69.47	75
800	70.21	75
850	71.02	75
900	71.78	75
950	72.57	78
1000	73.21	78
1050	73.47	78
1100	74.33	81
1150	74.96	81
1200	75.77	81
1250	76.4	81
1300	76.97	81
1350	77.84	81
1400	78.67	82
1450	79.36	83
1500	80.12	83
1550	80.96	84
1600	81.33	85
1650	81.85	85
1700	82.19	86
1750	82.68	86
1800	82.95	86
1850	83.3	86
1900	83.61	87
1950	83.79	87
2000	84.05	87
2050	84.51	87
2100	84.79	87
2150	85.09	88
2200	85.53	89
2250	85.8	89
2300	86.2	89
2350	86.58	89
2400	86.93	90
2450	87.26	90
2500	87.75	90
2550	88.1	90
2600	88.48	90
2650	88.83	90
2700	89.06	90
2750	89.15	90
2800	89.3	91
2850	89.38	91
2900	89.52	91
2950	89.68	91
3000	89.83	91
3050	90.07	91
3100	90.17	92
3150	90.25	93
3200	90.38	93
3250	90.55	93
3300	90.75	93
3350	90.97	93
3400	91.26	93
3450	91.41	93
3500	91.48	93
3550	91.59	93
3600	91.78	93
3650	92.06	93
3700	92.2	93
3750	92.28	94
3800	92.37	94
3850	92.48	95
3900	92.74	96
3950	92.92	96
4000	93.23	96
4050	93.37	96
4100	93.52	96
4150	93.72	96
4200	93.97	96
4250	94.32	96
4300	94.51	96
4350	94.7	96
4400	95.01	96
4450	95.14	96
4500	95.24	96
4550	95.41	96
4600	95.53	96
4650	95.75	96
4700	96.0	96
4750	96.01	97
4800	96.02	97
4850	96.02	97
4900	96.02	97
4950	96.03	97
5000	96.04	97
5050	96.06	97
5100	96.1	97
5150	96.14	97
5200	96.2	97
5250	96.29	97
5300	96.4	97
5350	96.53	97
5400	96.77	97
5450	97.0	97
5500	97.0	97
5550	97.0	97
5600	97.0	97
5650	97.0	97
5700	97.0	97
5750	97.0	97
5800	97.0	97
5850	97.0	97
5900	97.0	97
5950	97.0	97
6000	97.0	97
6050	97.0	97
6100	97.0	97
6150	97.0	97
6200	97.0	97
6250	97.0	97
6300	97.0	97
6350	97.0	97
6400	97.0	97
6450	97.0	97
6500	97.0	97
6550	97.0	97
6600	97.0	97
6650	97.0	97
6700	97.0	97
6750	97.0	97
6800	97.0	97
6850	97.0	97
6900	97.0	97
6950	97.0	97
7000	97.0	97
7050	97.0	97
7100	97.0	97
7150	97.0	97
7200	97.0	97
7250	97.0	97
7300	97.0	97
7350	97.0	97
7400	97.0	97
7450	97.0	97
7500	97.0	97
7550	97.0	97
7600	97.0	97
7650	97.0	97
7700	97.0	97
7750	97.0	97
7800	97.0	97
7850	97.0	97
7900	97.0	97
7950	97.0	97
8000	97.0	97
8050	97.0	97
8100	97.0	97
8150	97.0	97
8200	97.0	97
8250	97.0	97
8300	97.0	97
8350	97.0	97
8400	97.0	97
8450	97.0	97
8500	97.0	97
8550	97.0	97
8600	97.0	97
8650	97.0	97
8700	97.0	97
8750	97.0	97
8800	97.0	97
8850	97.0	97
8900	97.0	97
8950	97.0	97
9000	97.0	97
9050	97.0	97
9100	97.0	97
9150	97.0	97
9200	97.0	97
9250	97.0	97
9300	97.0	97
9350	97.0	97
9400	97.0	97
9450	97.0	97
9500	97.0	97
9550	97.0	97
9600	97.0	97
9650	97.0	97
9700	97.0	97
9750	97.0	97
9800	97.0	97
9850	97.0	97
9900	97.0	97
9950	97.0	97
10000	97.0	97
run 3
150	8.12	32
200	18.51	38
250	24.86	46
300	28.88	46
350	31.46	46
400	33.83	46
450	36.12	53
500	38.79	53
550	41.06	53
600	43.1	60
650	45.59	60
700	47.21	60
750	48.74	60
800	50.83	61
850	52.72	61
900	53.84	61
950	54.81	61
1000	56.37	68
1050	57.1	68
1100	58.63	68
1150	59.72	68
1200	60.89	68
1250	62.04	68
1300	62.96	70
1350	64.14	72
1400	65.42	72
1450	66.37	72
1500	67.06	72
1550	67.6	72
1600	68.0	73
1650	68.51	74
1700	68.83	74
1750	69.32	74
1800	69.59	74
1850	70.02	74
1900	70.41	74
1950	70.72	74
2000	71.01	75
2050	71.27	75
2100	71.55	75
2150	71.77	75
2200	72.2	75
2250	72.62	75
2300	73.0	76
2350	73.34	76
2400	73.68	76
2450	73.93	76
2500	74.15	76
2550	74.21	76
2600	74.31	76
2650	74.45	76
2700	74.67	77
2750	74.97	77
2800	75.28	77
2850	75.71	77
2900	76.06	77
2950	76.12	77
3000	76.16	78
3050	76.25	78
3100	76.37	78
3150	76.45	78
3200	76.58	78
3250	76.75	78
3300	77.09	79
3350	77.17	79
3400	77.22	79
3450	77.24	79
3500	77.33	79
3550	77.4	79
3600	77.53	79
3650	77.76	79
3700	77.94	79
3750	78.25	79
3800	78.4	79
3850	78.62	80
3900	78.79	80
3950	79.0	80
4000	79.1	80
4050	79.17	80
4100	79.21	80
4150	79.28	80
4200	79.33	80
4250	79.43	80
4300	79.49	80
4350	79.62	80
4400	79.79	80
4450	79.98	81
4500	80.01	81
4550	80.02	81
4600	80.02	81
4650	80.02	81
4700	80.02	81
4750	80.02	81
4800	80.02	81
4850	80.04	81
4900	80.05	81
4950	80.06	81
5000	80.07	81
5050	80.1	81
5100	80.19	81
5150	80.23	81
5200	80.32	81
5250	80.45	81
5300	80.58	81
5350	80.81	81
5400	81.0	81
5450	81.0	81
5500	81.0	81
5550	81.0	81
5600	81.0	81
5650	81.0	81
5700	81.0	81
5750	81.0	81
5800	81.0	81
5850	81.0	81
5900	81.0	81
5950	81.0	81
6000	81.01	82
6050	81.01	82
6100	81.01	82
6150	81.01	82
6200	81.01	82
6250	81.04	82
6300	81.06	82
6350	81.06	82
6400	81.09	82
6450	81.18	82
6500	81.2	82
6550	81.25	82
6600	81.35	82
6650	81.46	82
6700	81.58	82
6750	81.71	82
6800	81.93	82
6850	82.0	82
6900	82.0	82
6950	82.0	82
7000	82.0	82
7050	82.0	82
7100	82.0	82
7150	82.0	82
7200	82.0	82
7250	82.0	82
7300	82.0	82
7350	82.0	82
7400	82.0	82
7450	82.0	82
7500	82.0	82
7550	82.0	82
7600	82.0	82
7650	82.0	82
7700	82.0	82
7750	82.0	82
7800	82.0	82
7850	82.0	82
7900	82.0	82
7950	82.0	82
8000	82.0	82
8050	82.0	82
8100	82.0	82
8150	82.0	82
8200	82.0	82
8250	82.0	82
8300	82.0	82
8350	82.0	82
8400	82.0	82
8450	82.0	82
8500	82.0	82
8550	82.0	82
8600	82.0	82
8650	82.0	82
8700	82.0	82
8750	82.0	82
8800	82.0	82
8850	82.0	82
8900	82.0	82
8950	82.0	82
9000	82.0	82
9050	82.0	82
9100	82.0	82
9150	82.0	82
9200	82.0	82
9250	82.0	82
9300	82.0	82
9350	82.0	82
9400	82.0	82
9450	82.0	82
9500	82.0	82
9550	82.0	82
9600	82.0	82
9650	82.0	82
9700	82.0	82
9750	82.0	82
9800	82.0	82
9850	82.0	82
9900	82.0	82
9950	82.0	82
10000	82.0	82
run 4
150	5.91	31
200	14.42	34
250	23.6	48
300	28.62	48
350	33.07	55
400	37.71	55
450	40.8	57
500	43.29	57
550	45.28	57
600	46.52	57
650	47.71	57
700	48.87	62
750	50.04	62
800	51.01	66
850	52.33	66
900	53.84	66
950	55.39	66
1000	57.08	69
1050	58.5	69
1100	60.09	70
1150	61.31	70
1200	62.21	70
1250	64.07	73
1300	65.5	73
1350	66.57	73
1400	67.52	74
1450	68.63	74
1500	69.57	76
1550	70.59	76
1600	71.73	78
1650	72.67	78
1700	73.91	81
1750	74.63	81
1800	75.14	81
1850	76.1	81
1900	76.72	81
1950	77.18	81
2000	77.96	82
2050	78.47	82
2100	78.89	83
2150	79.36	83
2200	79.7	83
2250	80.42	83
2300	80.9	83
2350	81.17	83
2400	81.34	84
2450	81.55	84
2500	81.76	84
2550	82.0	84
2600	82.26	84
2650	82.36	85
2700	82.53	85
2750	82.65	85
2800	82.99	85
2850	83.3	85
2900	83.61	85
2950	83.96	87
3000	84.35	87
3050	84.57	87
3100	84.83	87
3150	85.13	88
3200	85.44	88
3250	85.6	88
3300	85.87	88
3350	86.16	89
3400	86.53	89
3450	86.69	89
3500	86.98	89
3550	87.34	89
3600	87.65	89
3650	87.92	90
3700	88.26	90
3750	88.42	90
3800	88.52	90
3850	88.73	91
3900	88.95	91
3950	89.15	91
4000	89.32	91
4050	89.57	91
4100	89.71	92
4150	89.93	92
4200	90.22	92
4250	90.38	92
4300	90.55	92
4350	90.77	92
4400	91.03	92
4450	91.18	92
4500	91.27	92
4550	91.37	92
4600	91.52	92
4650	91.72	93
4700	91.99	93
4750	92.14	93
4800	92.27	93
4850	92.37	93
4900	92.55	94
4950	92.67	94
5000	92.94	94
5050	93.01	94
5100	93.01	94
5150	93.02	94
5200	93.04	94
5250	93.04	94
5300	93.04	94
5350	93.04	94
5400	93.05	94
5450	93.05	94
5500	93.06	94
5550	93.06	94
5600	93.09	94
5650	93.13	94
5700	93.14	94
5750	93.18	94
5800	93.3	94
5850	93.44	94
5900	93.6	94
5950	93.81	94
6000	94.0	94
6050	94.0	94
6100	94.01	95
6150	94.02	95
6200	94.03	95
6250	94.05	95
6300	94.06	95
6350	94.15	95
6400	94.2	95
6450	94.22	95
6500	94.3	95
6550	94.43	95
6600	94.54	95
6650	94.74	95
6700	94.95	95
6750	95.0	95
6800	95.0	95
6850	95.0	95
6900	95.0	95
6950	95.0	95
7000	95.0	95
7050	95.0	95
7100	95.0	95
7150	95.0	95
7200	95.0	95
7250	95.0	95
7300	95.0	95
7350	95.0	95
7400	95.0	95
7450	95.0	95
7500	95.0	95
7550	95.0	95
7600	95.0	95
7650	95.0	95
7700	95.0	95
7750	95.0	95
7800	95.0	95
7850	95.0	95
7900	95.0	95
7950	95.0	95
8000	95.0	95
8050	95.0	95
8100	95.0	95
8150	95.0	95
8200	95.0	95
8250	95.0	95
8300	95.0	95
8350	95.0	95
8400	95.0	95
8450	95.0	95
8500	95.0	95
8550	95.0	95
8600	95.0	95
8650	95.0	95
8700	95.0	95
8750	95.0	95
8800	95.0	95
8850	95.0	95
8900	95.0	95
8950	95.0	95
9000	95.0	95
9050	95.0	95
9100	95.0	95
9150	95.0	95
9200	95.0	95
9250	95.0	95
9300	95.0	95
9350	95.0	95
9400	95.0	95
9450	95.0	95
9500	95.0	95
9550	95.0	95
9600	95.0	95
9650	95.0	95
9700	95.0	95
9750	95.0	95
9800	95.0	95
9850	95.0	95
9900	95.0	95
9950	95.0	95
10000	95.0	95
run 5
150	17.09	53
200	35.48	53
250	42.95	53
300	44.79	57
350	46.72	57
400	48.16	57
450	49.1	57
500	50.58	61
550	51.99	63
600	53.3	63
650	54.46	63
700	55.93	64
750	56.99	64
800	57.82	66
850	59.0	66
900	59.96	66
950	61.41	70
1000	62.08	70
1050	63.48	71
1100	64.18	71
1150	65.56	74
1200	66.75	74
1250	67.55	74
1300	68.34	74
1350	69.17	74
1400	69.66	74
1450	70.15	74
1500	70.43	74
1550	70.8	75
1600	71.2	75
1650	71.73	78
1700	72.26	78
1750	72.7	78
1800	73.27	78
1850	73.91	78
1900	74.26	78
1950	74.66	78
2000	75.02	78
2050	75.26	78
2100	75.54	78
2150	75.73	78
2200	75.99	78
2250	76.33	78
2300	76.69	78
2350	77.01	78
2400	77.37	79
2450	77.85	79
2500	78.04	79
2550	78.05	79
2600	78.06	79
2650	78.09	79
2700	78.13	79
2750	78.15	79
2800	78.2	79
2850	78.23	79
2900	78.35	80
2950	78.51	80
3000	78.7	80
3050	78.87	80
3100	79.14	80
3150	79.22	80
3200	79.31	80
3250	79.43	80
3300	79.51	80
3350	79.61	80
3400	79.78	80
3450	80.0	80
3500	80.0	80
3550	80.02	81
3600	80.02	81
3650	80.04	81
3700	80.05	81
3750	80.06	81
3800	80.07	81
3850	80.1	81
3900	80.1	81
3950	80.14	81
4000	80.16	81
4050	80.22	81
4100	80.33	81
4150	80.46	81
4200	80.65	81
4250	80.87	81
4300	81.0	81
4350	81.0	81
4400	81.0	81
4450	81.0	81
4500	81.0	81
4550	81.0	81
4600	81.0	81
4650	81.0	81
4700	81.0	81
4750	81.0	81
4800	81.0	81
4850	81.0	81
4900	81.0	81
4950	81.0	81
5000	81.0	81
5050	81.0	81
5100	81.0	81
5150	81.0	81
5200	81.0	81
5250	81.0	81
5300	81.0	81
5350	81.0	81
5400	81.0	81
5450	81.0	81
5500	81.0	81
5550	81.0	81
5600	81.0	81
5650	81.0	81
5700	81.0	81
5750	81.0	81
5800	81.0	81
5850	81.0	81
5900	81.0	81
5950	81.0	81
6000	81.0	81
6050	81.0	81
6100	81.0	81
6150	81.0	81
6200	81.0	81
6250	81.0	81
6300	81.0	81
6350	81.0	81
6400	81.0	81
6450	81.0	81
6500	81.0	81
6550	81.0	81
6600	81.0	81
6650	81.0	81
6700	81.0	81
6750	81.0	81
6800	81.0	81
6850	81.0	81
6900	81.0	81
6950	81.0	81
7000	81.0	81
7050	81.0	81
7100	81.0	81
7150	81.0	81
7200	81.0	81
7250	81.0	81
7300	81.0	81
7350	81.0	81
7400	81.0	81
7450	81.0	81
7500	81.0	81
7550	81.0	81
7600	81.0	81
7650	81.0	81
7700	81.0	81
7750	81.0	81
7800	81.0	81
7850	81.0	81
7900	81.0	81
7950	81.0	81
8000	81.0	81
8050	81.0	81
8100	81.0	81
8150	81.0	81
8200	81.0	81
8250	81.0	81
8300	81.0	81
8350	81.0	81
8400	81.0	81
8450	81.0	81
8500	81.0	81
8550	81.0	81
8600	81.0	81
8650	81.0	81
8700	81.0	81
8750	81.0	81
8800	81.0	81
8850	81.0	81
8900	81.0	81
8950	81.0	81
9000	81.0	81
9050	81.0	81
9100	81.0	81
9150	81.0	81
9200	81.0	81
9250	81.0	81
9300	81.0	81
9350	81.0	81
9400	81.0	81
9450	81.0	81
9500	81.0	81
9550	81.0	81
9600	81.0	81
9650	81.0	81
9700	81.0	81
9750	81.0	81
9800	81.0	81
9850	81.0	81
9900	81.0	81
9950	81.0	81
10000	81.0	81
run 6
150	18.18	49
200	36.19	54
250	43.68	55
300	45.82	56
350	48.11	61
400	50.1	64
450	52.24	64
500	53.73	64
550	54.63	64
600	56.53	69
650	57.78	69
700	59.41	69
750	61.15	69
800	62.68	69
850	63.73	69
900	64.95	72
950	65.76	76
1000	66.77	76
1050	67.82	80
1100	68.81	80
1150	69.74	80
1200	70.75	80
1250	71.56	80
1300	72.52	80
1350	73.25	80
1400	74.03	80
1450	74.87	81
1500	75.65	81
1550	76.12	81
1600	77.03	81
1650	77.88	81
1700	78.49	82
1750	79.31	83
1800	79.93	83
1850	80.38	84
1900	80.59	84
1950	80.72	84
2000	81.02	85
2050	81.43	85
2100	81.88	85
2150	82.28	85
2200	82.56	85
2250	83.06	85
2300	83.52	85
2350	83.96	87
2400	84.38	87
2450	84.68	87
2500	84.97	87
2550	85.2	87
2600	85.33	87
2650	85.49	87
2700	85.66	87
2750	85.8	87
2800	86.09	87
2850	86.25	88
2900	86.61	89
2950	86.87	89
3000	87.06	89
3050	87.15	89
3100	87.28	90
3150	87.37	90
3200	87.51	90
3250	87.61	90
3300	87.84	90
3350	88.15	90
3400	88.46	91
3450	88.61	91
3500	88.84	91
3550	89.16	91
3600	89.39	91
3650	89.59	91
3700	89.83	91
3750	90.15	91
3800	90.31	91
3850	90.42	91
3900	90.52	91
3950	90.68	91
4000	90.88	91
4050	91.01	92
4100	91.01	92
4150	91.01	92
4200	91.02	92
4250	91.03	92
4300	91.03	92
4350	91.04	92
4400	91.05	92
4450	91.09	92
4500	91.15	92
4550	91.19	92
4600	91.26	92
4650	91.31	92
4700	91.46	92
4750	91.58	92
4800	91.74	92
4850	91.96	92
4900	92.0	92
4950	92.0	92
5000	92.02	93
5050	92.02	93
5100	92.04	93
5150	92.09	93
5200	92.12	93
5250	92.16	93
5300	92.19	93
5350	92.27	93
5400	92.35	93
5450	92.44	93
5500	92.6	93
5550	92.79	93
5600	92.99	93
5650	93.0	93
5700	93.0	93
5750	93.0	93
5800	93.0	93
5850	93.0	93
5900	93.0	93
5950	93.0	93
6000	93.0	93
6050	93.0	93
6100	93.0	93
6150	93.0	93
6200	93.0	93
6250	93.0	93
6300	93.0	93
6350	93.0	93
6400	93.0	93
6450	93.0	93
6500	93.0	93
6550	93.0	93
6600	93.0	93
6650	93.0	93
6700	93.0	93
6750	93.0	93
6800	93.0	93
6850	93.0	93
6900	93.0	93
6950	93.0	93
7000	93.0	93
7050	93.0	93
7100	93.0	93
7150	93.0	93
7200	93.0	93
7250	93.0	93
7300	93.0	93
7350	93.0	93
7400	93.0	93
7450	93.0	93
7500	93.0	93
7550	93.0	93
7600	93.0	93
7650	93.0	93
7700	93.0	93
7750	93.0	93
7800	93.0	93
7850	93.0	93
7900	93.0	93
7950	93.0	93
8000	93.0	93
8050	93.0	93
8100	93.0	93
8150	93.0	93
8200	93.0	93
8250	93.0	93
8300	93.0	93
8350	93.0	93
8400	93.0	93
8450	93.0	93
8500	93.0	93
8550	93.0	93
8600	93.0	93
8650	93.0	93
8700	93.0	93
8750	93.0	93
8800	93.0	93
8850	93.0	93
8900	93.0	93
8950	93.0	93
9000	93.0	93
9050	93.0	93
9100	93.0	93
9150	93.0	93
9200	93.0	93
9250	93.0	93
9300	93.0	93
9350	93.0	93
9400	93.0	93
9450	93.0	93
9500	93.0	93
9550	93.0	93
9600	93.0	93
9650	93.0	93
9700	93.0	93
9750	93.0	93
9800	93.0	93
9850	93.0	93
9900	93.0	93
9950	93.0	93
10000	93.0	93
run 7
150	6.98	19
200	14.74	29
250	17.02	30
300	18.46	30
350	20.04	30
400	21.9	30
450	24.23	31
500	26.84	31
550	27.65	31
600	28.65	31
650	29.26	32
700	29.57	32
750	29.85	33
800	30.19	33
850	30.38	34
900	30.69	34
950	30.96	34
1000	31.25	34
1050	31.69	34
1100	32.04	34
1150	32.45	34
1200	32.93	35
1250	33.27	35
1300	33.46	35
1350	33.61	35
1400	33.77	35
1450	34.03	35
1500	34.13	38
1550	34.23	38
1600	34.29	38
1650	34.45	38
1700	34.65	38
1750	35.06	38
1800	35.38	38
1850	36.12	38
1900	36.8	38
1950	37.52	38
2000	37.89	38
2050	38.0	38
2100	38.0	38
2150	38.0	38
2200	38.0	38
2250	38.0	38
2300	38.0	38
2350	38.0	38
2400	38.0	38
2450	38.0	38
2500	38.0	38
2550	38.0	38
2600	38.0	38
2650	38.0	38
2700	38.0	38
2750	38.0	38
2800	38.0	38
2850	38.0	38
2900	38.0	38
2950	38.0	38
3000	38.0	38
3050	38.0	38
3100	38.0	38
3150	38.0	38
3200	38.0	38
3250	38.0	38
3300	38.0	38
3350	38.0	38
3400	38.0	38
3450	38.0	38
3500	38.0	38
3550	38.0	38
3600	38.0	38
3650	38.0	38
3700	38.0	38
3750	38.0	38
3800	38.0	38
3850	38.0	38
3900	38.0	38
3950	38.0	38
4000	38.0	38
4050	38.0	38
4100	38.0	38
4150	38.0	38
4200	38.0	38
4250	38.0	38
4300	38.0	38
4350	38.0	38
4400	38.0	38
4450	38.0	38
4500	38.0	38
4550	38.0	38
4600	38.0	38
4650	38.0	38
4700	38.0	38
4750	38.0	38
4800	38.0	38
4850	38.0	38
4900	38.0	38
4950	38.0	38
5000	38.0	38
5050	38.0	38
5100	38.0	38
5150	38.0	38
5200	38.0	38
5250	38.0	38
5300	38.0	38
5350	38.0	38
5400	38.0	38
5450	38.0	38
5500	38.0	38
5550	38.0	38
5600	38.0	38
5650	38.0	38
5700	38.0	38
5750	38.0	38
5800	38.0	38
5850	38.0	38
5900	38.0	38
5950	38.0	38
6000	38.0	38
6050	38.0	38
6100	38.0	38
6150	38.0	38
6200	38.0	38
6250	38.0	38
6300	38.0	38
6350	38.0	38
6400	38.0	38
6450	38.0	38
6500	38.0	38
6550	38.0	38
6600	38.0	38
6650	38.0	38
6700	38.0	38
6750	38.0	38
6800	38.0	38
6850	38.0	38
6900	38.0	38
6950	38.0	38
7000	38.0	38
7050	38.0	38
7100	38.0	38
7150	38.0	38
7200	38.0	38
7250	38.0	38
7300	38.0	38
7350	38.0	38
7400	38.0	38
7450	38.0	38
7500	38.0	38
7550	38.0	38
7600	38.0	38
7650	38.0	38
7700	38.0	38
7750	38.0	38
7800	38.0	38
7850	38.0	38
7900	38.0	38
7950	38.0	38
8000	38.0	38
8050	38.0	38
8100	38.0	38
8150	38.0	38
8200	38.0	38
8250	38.0	38
8300	38.0	38
8350	38.0	38
8400	38.0	38
8450	38.0	38
8500	38.0	38
8550	38.0	38
8600	38.0	38
8650	38.0	38
8700	38.0	38
8750	38.0	38
8800	38.0	38
8850	38.0	38
8900	38.0	38
8950	38.0	38
9000	38.0	38
9050	38.0	38
9100	38.0	38
9150	38.0	38
9200	38.0	38
9250	38.0	38
9300	38.0	38
9350	38.0	38
9400	38.0	38
9450	38.0	38
9500	38.0	38
9550	38.0	38
9600	38.0	38
9650	38.0	38
9700	38.0	38
9750	38.0	38
9800	38.0	38
9850	38.0	38
9900	38.0	38
9950	38.0	38
10000	38.0	38
run 8
150	6.85	27
200	13.71	27
250	14.93	27
300	16.59	27
350	19.04	27
400	22.36	27
450	25.93	27
500	26.33	27
550	26.56	28
600	26.79	28
650	27.01	28
700	27.01	28
750	27.01	28
800	27.02	28
850	27.03	28
900	27.03	28
950	27.03	28
1000	27.04	28
1050	27.07	28
1100	27.08	28
1150	27.12	28
1200	27.17	28
1250	27.2	28
1300	27.28	28
1350	27.42	28
1400	27.53	28
1450	27.73	28
1500	28.0	28
1550	28.0	28
1600	28.0	28
1650	28.0	28
1700	28.0	28
1750	28.0	28
1800	28.0	28
1850	28.0	28
1900	28.0	28
1950	28.0	28
2000	28.0	28
2050	28.0	28
2100	28.0	28
2150	28.0	28
2200	28.0	28
2250	28.0	28
2300	28.0	28
2350	28.0	28
2400	28.0	28
2450	28.0	28
2500	28.0	28
2550	28.0	28
2600	28.0	28
2650	28.0	28
2700	28.0	28
2750	28.0	28
2800	28.0	28
2850	28.0	28
2900	28.0	28
2950	28.0	28
3000	28.0	28
3050	28.0	28
3100	28.0	28
3150	28.0	28
3200	28.0	28
3250	28.0	28
3300	28.0	28
3350	28.0	28
3400	28.0	28
3450	28.0	28
3500	28.0	28
3550	28.0	28
3600	28.0	28
3650	28.0	28
3700	28.0	28
3750	28.0	28
3800	28.0	28
3850	28.0	28
3900	28.0	28
3950	28.0	28
4000	28.0	28
4050	28.0	28
4100	28.0	28
4150	28.0	28
4200	28.0	28
4250	28.0	28
4300	28.0	28
4350	28.0	28
4400	28.0	28
4450	28.0	28
4500	28.0	28
4550	28.0	28
4600	28.0	28
4650	28.0	28
4700	28.0	28
4750	28.0	28
4800	28.0	28
4850	28.0	28
4900	28.0	28
4950	28.0	28
5000	28.0	28
5050	28.0	28
5100	28.0	28
5150	28.0	28
5200	28.0	28
5250	28.0	28
5300	28.0	28
5350	28.0	28
5400	28.0	28
5450	28.0	28
5500	28.0	28
5550	28.0	28
5600	28.0	28
5650	28.0	28
5700	28.0	28
5750	28.0	28
5800	28.0	28
5850	28.0	28
5900	28.0	28
5950	28.0	28
6000	28.0	28
6050	28.0	28
6100	28.0	28
6150	28.0	28
6200	28.0	28
6250	28.0	28
6300	28.0	28
6350	28.0	28
6400	28.0	28
6450	28.0	28
6500	28.0	28
6550	28.0	28
6600	28.0	28
6650	28.0	28
6700	28.0	28
6750	28.0	28
6800	28.0	28
6850	28.0	28
6900	28.0	28
6950	28.0	28
7000	28.0	28
7050	28.0	28
7100	28.0	28
7150	28.0	28
7200	28.0	28
7250	28.0	28
7300	28.0	28
7350	28.0	28
7400	28.0	28
7450	28.0	28
7500	28.0	28
7550	28.0	28
7600	28.0	28
7650	28.0	28
7700	28.0	28
7750	28.0	28
7800	28.0	28
7850	28.0	28
7900	28.0	28
7950	28.0	28
8000	28.0	28
8050	28.0	28
8100	28.0	28
8150	28.0	28
8200	28.0	28
8250	28.0	28
8300	28.0	28
8350	28.0	28
8400	28.0	28
8450	28.0	28
8500	28.0	28
8550	28.0	28
8600	28.0	28
8650	28.0	28
8700	28.0	28
8750	28.0	28
8800	28.0	28
8850	28.0	28
8900	28.0	28
8950	28.0	28
9000	28.0	28
9050	28.0	28
9100	28.0	28
9150	28.0	28
9200	28.0	28
9250	28.0	28
9300	28.0	28
9350	28.0	28
9400	28.0	28
9450	28.0	28
9500	28.0	28
9550	28.0	28
9600	28.0	28
9650	28.0	28
9700	28.0	28
9750	28.0	28
9800	28.0	28
9850	28.0	28
9900	28.0	28
9950	28.0	28
10000	28.0	28
run 9
150	11.74	31
200	24.04	31
250	29.44	33
300	30.14	33
350	30.22	33
400	30.32	33
450	30.49	33
500	30.67	33
550	30.94	33
600	31.28	33
650	31.5	34
700	31.73	34
750	32.17	34
800	32.68	34
850	33.02	34
900	33.29	34
950	33.38	34
1000	33.53	34
1050	33.73	34
1100	33.98	34
1150	34.0	34
1200	34.0	34
1250	34.0	34
1300	34.0	34
1350	34.0	34
1400	34.0	34
1450	34.0	34
1500	34.0	34
1550	34.0	34
1600	34.0	34
1650	34.0	34
1700	34.0	34
1750	34.0	34
1800	34.0	34
1850	34.0	34
1900	34.0	34
1950	34.0	34
2000	34.0	34
2050	34.0	34
2100	34.0	34
2150	34.0	34
2200	34.0	34
2250	34.0	34
2300	34.0	34
2350	34.0	34
2400	34.0	34
2450	34.0	34
2500	34.0	34
2550	34.0	34
2600	34.0	34
2650	34.0	34
2700	34.0	34
2750	34.0	34
2800	34.0	34
2850	34.0	34
2900	34.0	34
2950	34.0	34
3000	34.0	34
3050	34.0	34
3100	34.0	34
3150	34.0	34
3200	34.0	34
3250	34.0	34
3300	34.0	34
3350	34.0	34
3400	34.0	34
3450	34.0	34
3500	34.0	34
3550	34.0	34
3600	34.0	34
3650	34.0	34
3700	34.0	34
3750	34.0	34
3800	34.0	34
3850	34.0	34
3900	34.0	34
3950	34.0	34
4000	34.0	34
4050	34.0	34
4100	34.0	34
4150	34.0	34
4200	34.0	34
4250	34.0	34
4300	34.0	34
4350	34.0	34
4400	34.0	34
4450	34.0	34
4500	34.0	34
4550	34.0	34
4600	34.0	34
4650	34.0	34
4700	34.0	34
4750	34.0	34
4800	34.0	34
4850	34.0	34
4900	34.0	34
4950	34.0	34
5000	34.0	34
5050	34.0	34
5100	34.0	34
5150	34.0	34
5200	34.0	34
5250	34.0	34
5300	34.0	34
5350	34.0	34
5400	34.0	34
5450	34.0	34
5500	34.0	34
5550	34.0	34
5600	34.0	34
5650	34.0	34
5700	34.0	34
5750	34.0	34
5800	34.0	34
5850	34.0	34
5900	34.0	34
5950	34.0	34
6000	34.0	34
6050	34.0	34
6100	34.0	34
6150	34.0	34
6200	34.0	34
6250	34.0	34
6300	34.0	34
6350	34.0	34
6400	34.0	34
6450	34.0	34
6500	34.0	34
6550	34.0	34
6600	34.0	34
6650	34.0	34
6700	34.0	34
6750	34.0	34
6800	34.0	34
6850	34.0	34
6900	34.0	34
6950	34.0	34
7000	34.0	34
7050	34.0	34
7100	34.0	34
7150	34.0	34
7200	34.0	34
7250	34.0	34
7300	34.0	34
7350	34.0	34
7400	34.0	34
7450	34.0	34
7500	34.0	34
7550	34.0	34
7600	34.0	34
7650	34.0	34
7700	34.0	34
7750	34.0	34
7800	34.0	34
7850	34.0	34
7900	34.0	34
7950	34.0	34
8000	34.0	34
8050	34.0	34
8100	34.0	34
8150	34.0	34
8200	34.0	34
8250	34.0	34
8300	34.0	34
8350	34.0	34
8400	34.0	34
8450	34.0	34
8500	34.0	34
8550	34.0	34
8600	34.0	34
8650	34.0	34
8700	34.0	34
8750	34.0	34
8800	34.0	34
8850	34.0	34
8900	34.0	34
8950	34.0	34
9000	34.0	34
9050	34.0	34
9100	34.0	34
9150	34.0	34
9200	34.0	34
9250	34.0	34
9300	34.0	34
9350	34.0	34
9400	34.0	34
9450	34.0	34
9500	34.0	34
9550	34.0	34
9600	34.0	34
9650	34.0	34
9700	34.0	34
9750	34.0	34
9800	34.0	34
9850	34.0	34
9900	34.0	34
9950	34.0	34
10000	34.0	34
run 10
150	3.98	29
200	14.52	32
250	24.17	39
300	29.15	39
350	30.48	41
400	32.42	41
450	33.92	41
500	36.95	43
550	38.34	44
600	39.34	47
650	40.1	49
700	40.9	49
750	41.52	49
800	42.29	49
850	42.97	49
900	43.83	50
950	44.49	50
1000	45.25	52
1050	45.77	52
1100	46.53	52
1150	47.01	52
1200	47.9	53
1250	48.83	53
1300	49.34	53
1350	49.83	53
1400	50.16	53
1450	50.51	53
1500	50.85	54
1550	51.21	54
1600	51.74	54
1650	52.16	55
1700	52.65	55
1750	53.04	55
1800	53.42	58
1850	53.66	58
1900	54.03	58
1950	54.34	58
2000	54.48	58
2050	54.86	59
2100	55.2	59
2150	55.48	59
2200	56.14	59
2250	56.63	59
2300	56.99	59
2350	57.31	59
2400	57.72	59
2450	58.0	59
2500	58.29	59
2550	58.39	59
2600	58.58	60
2650	58.81	60
2700	59.07	60
2750	59.13	60
2800	59.16	60
2850	59.24	60
2900	59.31	60
2950	59.41	60
3000	59.59	60
3050	59.72	60
3100	59.98	60
3150	60.0	60
3200	60.0	60
3250	60.0	60
3300	60.0	60
3350	60.0	60
3400	60.0	60
3450	60.0	60
3500	60.0	60
3550	60.0	60
3600	60.0	60
3650	60.0	60
3700	60.0	60
3750	60.0	60
3800	60.0	60
3850	60.0	60
3900	60.0	60
3950	60.0	60
4000	60.0	60
4050	60.0	60
4100	60.0	60
4150	60.0	60
4200	60.0	60
4250	60.0	60
4300	60.0	60
4350	60.0	60
4400	60.0	60
4450	60.0	60
4500	60.0	60
4550	60.0	60
4600	60.0	60
4650	60.0	60
4700	60.0	60
4750	60.0	60
4800	60.0	60
4850	60.0	60
4900	60.0	60
4950	60.0	60
5000	60.0	60
5050	60.0	60
5100	60.0	60
5150	60.0	60
5200	60.0	60
5250	60.0	60
5300	60.0	60
5350	60.0	60
5400	60.0	60
5450	60.0	60
5500	60.0	60
5550	60.0	60
5600	60.0	60
5650	60.0	60
5700	60.0	60
5750	60.0	60
5800	60.0	60
5850	60.0	60
5900	60.0	60
5950	60.0	60
6000	60.0	60
6050	60.0	60
6100	60.0	60
6150	60.0	60
6200	60.0	60
6250	60.0	60
6300	60.0	60
6350	60.0	60
6400	60.0	60
6450	60.0	60
6500	60.0	60
6550	60.0	60
6600	60.0	60
6650	60.0	60
6700	60.0	60
6750	60.0	60
6800	60.0	60
6850	60.0	60
6900	60.0	60
6950	60.0	60
7000	60.0	60
7050	60.0	60
7100	60.0	60
7150	60.0	60
7200	60.0	60
7250	60.0	60
7300	60.0	60
7350	60.0	60
7400	60.0	60
7450	60.0	60
7500	60.0	60
7550	60.0	60
7600	60.0	60
7650	60.0	60
7700	60.0	60
7750	60.0	60
7800	60.0	60
7850	60.0	60
7900	60.0	60
7950	60.0	60
8000	60.0	60
8050	60.0	60
8100	60.0	60
8150	60.0	60
8200	60.0	60
8250	60.0	60
8300	60.0	60
8350	60.0	60
8400	60.0	60
8450	60.0	60
8500	60.0	60
8550	60.0	60
8600	60.0	60
8650	60.0	60
8700	60.0	60
8750	60.0	60
8800	60.0	60
8850	60.0	60
8900	60.0	60
8950	60.0	60
9000	60.0	60
9050	60.0	60
9100	60.0	60
9150	60.0	60
9200	60.0	60
9250	60.0	60
9300	60.0	60
9350	60.0	60
9400	60.0	60
9450	60.0	60
9500	60.0	60
9550	60.0	60
9600	60.0	60
9650	60.0	60
9700	60.0	60
9750	60.0	60
9800	60.0	60
9850	60.0	60
9900	60.0	60
9950	60.0	60
10000	60.0	60
run 11
150	8.74	23
200	17.95	23
250	19.21	25
300	20.2	27
350	21.69	27
400	22.73	27
450	23.25	27
500	24.01	29
550	24.86	29
600	25.72	32
650	26.47	32
700	27.04	32
750	27.6	32
800	28.03	32
850	28.46	33
900	29.04	33
950	29.53	35
1000	30.05	39
1050	30.5	39
1100	31.36	39
1150	32.52	39
1200	33.66	39
1250	34.52	39
1300	35.35	39
1350	35.79	39
1400	36.32	40
1450	37.09	40
1500	37.87	40
1550	38.74	41
1600	39.07	41
1650	39.13	42
1700	39.24	43
1750	39.35	43
1800	39.54	43
1850	39.94	43
1900	40.29	43
1950	40.77	43
2000	41.16	43
2050	41.54	43
2100	41.71	43
2150	42.02	43
2200	42.19	43
2250	42.33	44
2300	42.39	44
2350	42.58	44
2400	42.77	44
2450	43.07	44
2500	43.12	44
2550	43.18	44
2600	43.27	44
2650	43.38	44
2700	43.6	44
2750	43.8	44
2800	44.01	45
2850	44.02	45
2900	44.02	45
2950	44.03	45
3000	44.09	45
3050	44.11	45
3100	44.13	45
3150	44.2	45
3200	44.25	45
3250	44.31	45
3300	44.47	45
3350	44.64	45
3400	44.87	45
3450	45.01	46
3500	45.03	46
3550	45.08	46
3600	45.11	46
3650	45.13	46
3700	45.17	46
3750	45.2	46
3800	45.31	46
3850	45.4	46
3900	45.62	46
3950	45.93	46
4000	46.0	46
4050	46.0	46
4100	46.0	46
4150	46.0	46
4200	46.0	46
4250	46.0	46
4300	46.0	46
4350	46.0	46
4400	46.0	46
4450	46.0	46
4500	46.0	46
4550	46.0	46
4600	46.0	46
4650	46.0	46
4700	46.0	46
4750	46.0	46
4800	46.0	46
4850	46.0	46
4900	46.0	46
4950	46.0	46
5000	46.0	46
5050	46.0	46
5100	46.0	46
5150	46.0	46
5200	46.0	46
5250	46.0	46
5300	46.0	46
5350	46.0	46
5400	46.0	46
5450	46.0	46
5500	46.0	46
5550	46.0	46
5600	46.0	46
5650	46.0	46
5700	46.0	46
5750	46.0	46
5800	46.0	46
5850	46.0	46
5900	46.0	46
5950	46.0	46
6000	46.0	46
6050	46.0	46
6100	46.0	46
6150	46.0	46
6200	46.0	46
6250	46.0	46
6300	46.0	46
6350	46.0	46
6400	46.0	46
6450	46.0	46
6500	46.0	46
6550	46.0	46
6600	46.0	46
6650	46.0	46
6700	46.0	46
6750	46.0	46
6800	46.0	46
6850	46.0	46
6900	46.0	46
6950	46.0	46
7000	46.0	46
7050	46.0	46
7100	46.0	46
7150	46.0	46
7200	46.0	46
7250	46.0	46
7300	46.0	46
7350	46.0	46
7400	46.0	46
7450	46.0	46
7500	46.0	46
7550	46.0	46
7600	46.0	46
7650	46.0	46
7700	46.0	46
7750	46.0	46
7800	46.0	46
7850	46.0	46
7900	46.0	46
7950	46.0	46
8000	46.0	46
8050	46.0	46
8100	46.0	46
8150	46.0	46
8200	46.0	46
8250	46.0	46
8300	46.0	46
8350	46.0	46
8400	46.0	46
8450	46.0	46
8500	46.0	46
8550	46.0	46
8600	46.0	46
8650	46.0	46
8700	46.0	46
8750	46.0	46
8800	46.0	46
8850	46.0	46
8900	46.0	46
8950	46.0	46
9000	46.0	46
9050	46.0	46
9100	46.0	46
9150	46.0	46
9200	46.0	46
9250	46.0	46
9300	46.0	46
9350	46.0	46
9400	46.0	46
9450	46.0	46
9500	46.0	46
9550	46.0	46
9600	46.0	46
9650	46.0	46
9700	46.0	46
9750	46.0	46
9800	46.0	46
9850	46.0	46
9900	46.0	46
9950	46.0	46
10000	46.0	46
run 12
150	6.22	13
200	12.04	13
250	13.02	14
300	13.04	14
350	13.09	14
400	13.17	14
450	13.23	14
500	13.3	14
550	13.55	15
600	13.81	15
650	14.06	15
700	14.1	15
750	14.14	15
800	14.25	15
850	14.39	15
900	14.56	15
950	14.84	15
1000	15.0	15
1050	15.0	15
1100	15.0	15
1150	15.0	15
1200	15.0	15
1250	15.0	15
1300	15.0	15
1350	15.0	15
1400	15.0	15
1450	15.0	15
1500	15.0	15
1550	15.0	15
1600	15.0	15
1650	15.0	15
1700	15.0	15
1750	15.0	15
1800	15.0	15
1850	15.0	15
1900	15.0	15
1950	15.0	15
2000	15.0	15
2050	15.0	15
2100	15.0	15
2150	15.0	15
2200	15.0	15
2250	15.0	15
2300	15.0	15
2350	15.0	15
2400	15.0	15
2450	15.0	15
2500	15.0	15
2550	15.0	15
2600	15.0	15
2650	15.0	15
2700	15.0	15
2750	15.0	15
2800	15.0	15
2850	15.0	15
2900	15.0	15
2950	15.0	15
3000	15.0	15
3050	15.0	15
3100	15.0	15
3150	15.0	15
3200	15.0	15
3250	15.0	15
3300	15.0	15
3350	15.0	15
3400	15.0	15
3450	15.0	15
3500	15.0	15
3550	15.0	15
3600	15.0	15
3650	15.0	15
3700	15.0	15
3750	15.0	15
3800	15.0	15
3850	15.0	15
3900	15.0	15
3950	15.0	15
4000	15.0	15
4050	15.0	15
4100	15.0	15
4150	15.0	15
4200	15.0	15
4250	15.0	15
4300	15.0	15
4350	15.0	15
4400	15.0	15
4450	15.0	15
4500	15.0	15
4550	15.0	15
4600	15.0	15
4650	15.0	15
4700	15.0	15
4750	15.0	15
4800	15.0	15
4850	15.0	15
4900	15.0	15
4950	15.0	15
5000	15.0	15
5050	15.0	15
5100	15.0	15
5150	15.0	15
5200	15.0	15
5250	15.0	15
5300	15.0	15
5350	15.0	15
5400	15.0	15
5450	15.0	15
5500	15.0	15
5550	15.0	15
5600	15.0	15
5650	15.0	15
5700	15.0	15
5750	15.0	15
5800	15.0	15
5850	15.0	15
5900	15.0	15
5950	15.0	15
6000	15.0	15
6050	15.0	15
6100	15.0	15
6150	15.0	15
6200	15.0	15
6250	15.0	15
6300	15.0	15
6350	15.0	15
6400	15.0	15
6450	15.0	15
6500	15.0	15
6550	15.0	15
6600	15.0	15
6650	15.0	15
6700	15.0	15
6750	15.0	15
6800	15.0	15
6850	15.0	15
6900	15.0	15
6950	15.0	15
7000	15.0	15
7050	15.0	15
7100	15.0	15
7150	15.0	15
7200	15.0	15
7250	15.0	15
7300	15.0	15
7350	15.0	15
7400	15.0	15
7450	15.0	15
7500	15.0	15
7550	15.0	15
7600	15.0	15
7650	15.0	15
7700	15.0	15
7750	15.0	15
7800	15.0	15
7850	15.0	15
7900	15.0	15
7950	15.0	15
8000	15.0	15
8050	15.0	15
8100	15.0	15
8150	15.0	15
8200	15.0	15
8250	15.0	15
8300	15.0	15
8350	15.0	15
8400	15.0	15
8450	15.0	15
8500	15.0	15
8550	15.0	15
8600	15.0	15
8650	15.0	15
8700	15.0	15
8750	15.0	15
8800	15.0	15
8850	15.0	15
8900	15.0	15
8950	15.0	15
9000	15.0	15
9050	15.0	15
9100	15.0	15
9150	15.0	15
9200	15.0	15
9250	15.0	15
9300	15.0	15
9350	15.0	15
9400	15.0	15
9450	15.0	15
9500	15.0	15
9550	15.0	15
9600	15.0	15
9650	15.0	15
9700	15.0	15
9750	15.0	15
9800	15.0	15
9850	15.0	15
9900	15.0	15
9950	15.0	15
10000	15.0	15
run 13
150	1.53	8
200	3.13	8
250	3.32	8
300	3.73	8
350	4.59	8
400	5.67	8
450	7.39	8
500	7.89	8
550	8.0	8
600	8.0	8
650	8.0	8
700	8.0	8
750	8.02	10
800	8.02	10
850	8.02	10
900	8.02	10
950	8.02	10
1000	8.02	10
1050	8.02	10
1100	8.04	10
1150	8.06	10
1200	8.1	10
1250	8.16	10
1300	8.25	10
1350	8.39	10
1400	8.52	10
1450	8.82	10
1500	9.14	10
1550	9.75	10
1600	10.0	10
1650	10.0	10
1700	10.0	10
1750	10.0	10
1800	10.0	10
1850	10.0	10
1900	10.0	10
1950	10.0	10
2000	10.0	10
2050	10.0	10
2100	10.0	10
2150	10.0	10
2200	10.0	10
2250	10.0	10
2300	10.0	10
2350	10.0	10
2400	10.0	10
2450	10.0	10
2500	10.0	10
2550	10.0	10
2600	10.0	10
2650	10.0	10
2700	10.0	10
2750	10.0	10
2800	10.0	10
2850	10.0	10
2900	10.0	10
2950	10.0	10
3000	10.0	10
3050	10.0	10
3100	10.0	10
3150	10.0	10
3200	10.0	10
3250	10.0	10
3300	10.0	10
3350	10.0	10
3400	10.0	10
3450	10.0	10
3500	10.0	10
3550	10.0	10
3600	10.0	10
3650	10.0	10
3700	10.0	10
3750	10.0	10
3800	10.0	10
3850	10.0	10
3900	10.0	10
3950	10.0	10
4000	10.0	10
4050	10.0	10
4100	10.0	10
4150	10.0	10
4200	10.0	10
4250	10.0	10
4300	10.0	10
4350	10.0	10
4400	10.0	10
4450	10.0	10
4500	10.0	10
4550	10.0	10
4600	10.0	10
4650	10.0	10
4700	10.0	10
4750	10.0	10
4800	10.0	10
4850	10.0	10
4900	10.0	10
4950	10.0	10
5000	10.0	10
5050	10.0	10
5100	10.0	10
5150	10.0	10
5200	10.0	10
5250	10.0	10
5300	10.0	10
5350	10.0	10
5400	10.0	10
5450	10.0	10
5500	10.0	10
5550	10.0	10
5600	10.0	10
5650	10.0	10
5700	10.0	10
5750	10.0	10
5800	10.0	10
5850	10.0	10
5900	10.0	10
5950	10.0	10
6000	10.0	10
6050	10.0	10
6100	10.0	10
6150	10.0	10
6200	10.0	10
6250	10.0	10
6300	10.0	10
6350	10.0	10
6400	10.0	10
6450	10.0	10
6500	10.0	10
6550	10.0	10
6600	10.0	10
6650	10.0	10
6700	10.0	10
6750	10.0	10
6800	10.0	10
6850	10.0	10
6900	10.0	10
6950	10.0	10
7000	10.0	10
7050	10.0	10
7100	10.0	10
7150	10.0	10
7200	10.0	10
7250	10.0	10
7300	10.0	10
7350	10.0	10
7400	10.0	10
7450	10.0	10
7500	10.0	10
7550	10.0	10
7600	10.0	10
7650	10.0	10
7700	10.0	10
7750	10.0	10
7800	10.0	10
7850	10.0	10
7900	10.0	10
7950	10.0	10
8000	10.0	10
8050	10.0	10
8100	10.0	10
8150	10.0	10
8200	10.0	10
8250	10.0	10
8300	10.0	10
8350	10.0	10
8400	10.0	10
8450	10.0	10
8500	10.0	10
8550	10.0	10
8600	10.0	10
8650	10.0	10
8700	10.0	10
8750	10.0	10
8800	10.0	10
8850	10.0	10
8900	10.0	10
8950	10.0	10
9000	10.0	10
9050	10.0	10
9100	10.0	10
9150	10.0	10
9200	10.0	10
9250	10.0	10
9300	10.0	10
9350	10.0	10
9400	10.0	10
9450	10.0	10
9500	10.0	10
9550	10.0	10
9600	10.0	10
9650	10.0	10
9700	10.0	10
9750	10.0	10
9800	10.0	10
9850	10.0	10
9900	10.0	10
9950	10.0	10
10000	10.0	10
run 14
150	5.83	15
200	11.84	15
250	14.05	25
300	15.43	25
350	15.54	25
400	15.57	25
450	15.82	25
500	16.22	25
550	17.14	25
600	18.37	27
650	19.59	27
700	20.83	27
750	22.39	28
800	23.98	28
850	24.49	28
900	24.88	28
950	25.19	28
1000	25.71	28
1050	26.03	28
1100	26.34	28
1150	26.76	28
1200	27.48	29
1250	27.76	29
1300	27.92	29
1350	28.05	29
1400	28.05	29
1450	28.06	29
1500	28.08	29
1550	28.11	29
1600	28.15	29
1650	28.23	29
1700	28.32	29
1750	28.4	29
1800	28.58	29
1850	28.78	29
1900	29.0	29
1950	29.0	29
2000	29.01	30
2050	29.02	30
2100	29.02	30
2150	29.05	30
2200	29.06	30
2250	29.09	30
2300	29.12	30
2350	29.15	30
2400	29.22	30
2450	29.34	30
2500	29.53	30
2550	29.63	30
2600	29.85	30
2650	30.0	30
2700	30.0	30
2750	30.0	30
2800	30.0	30
2850	30.0	30
2900	30.0	30
2950	30.0	30
3000	30.0	30
3050	30.0	30
3100	30.0	30
3150	30.0	30
3200	30.0	30
3250	30.0	30
3300	30.0	30
3350	30.0	30
3400	30.0	30
3450	30.0	30
3500	30.0	30
3550	30.0	30
3600	30.0	30
3650	30.0	30
3700	30.0	30
3750	30.0	30
3800	30.0	30
3850	30.0	30
3900	30.0	30
3950	30.0	30
4000	30.0	30
4050	30.0	30
4100	30.0	30
4150	30.0	30
4200	30.0	30
4250	30.0	30
4300	30.0	30
4350	30.0	30
4400	30.0	30
4450	30.0	30
4500	30.0	30
4550	30.0	30
4600	30.0	30
4650	30.0	30
4700	30.0	30
4750	30.0	30
4800	30.0	30
4850	30.0	30
4900	30.0	30
4950	30.0	30
5000	30.0	30
5050	30.0	30
5100	30.0	30
5150	30.0	30
5200	30.0	30
5250	30.0	30
5300	30.0	30
5350	30.0	30
5400	30.0	30
5450	30.0	30
5500	30.0	30
5550	30.0	30
5600	30.0	30
5650	30.0	30
5700	30.0	30
5750	30.0	30
5800	30.0	30
5850	30.0	30
5900	30.0	30
5950	30.0	30
6000	30.0	30
6050	30.0	30
6100	30.0	30
6150	30.0	30
6200	30.0	30
6250	30.0	30
6300	30.0	30
6350	30.0	30
6400	30.0	30
6450	30.0	30
6500	30.0	30
6550	30.0	30
6600	30.0	30
6650	30.0	30
6700	30.0	30
6750	30.0	30
6800	30.0	30
6850	30.0	30
6900	30.0	30
6950	30.0	30
7000	30.0	30
7050	30.0	30
7100	30.0	30
7150	30.0	30
7200	30.0	30
7250	30.0	30
7300	30.0	30
7350	30.0	30
7400	30.0	30
7450	30.0	30
7500	30.0	30
7550	30.0	30
7600	30.0	30
7650	30.0	30
7700	30.0	30
7750	30.0	30
7800	30.0	30
7850	30.0	30
7900	30.0	30
7950	30.0	30
8000	30.0	30
8050	30.0	30
8100	30.0	30
8150	30.0	30
8200	30.0	30
8250	30.0	30
8300	30.0	30
8350	30.0	30
8400	30.0	30
8450	30.0	30
8500	30.0	30
8550	30.0	30
8600	30.0	30
8650	30.0	30
8700	30.0	30
8750	30.0	30
8800	30.0	30
8850	30.0	30
8900	30.0	30
8950	30.0	30
9000	30.0	30
9050	30.0	30
9100	30.0	30
9150	30.0	30
9200	30.0	30
9250	30.0	30
9300	30.0	30
9350	30.0	30
9400	30.0	30
9450	30.0	30
9500	30.0	30
9550	30.0	30
9600	30.0	30
9650	30.0	30
9700	30.0	30
9750	30.0	30
9800	30.0	30
9850	30.0	30
9900	30.0	30
9950	30.0	30
10000	30.0	30
run 15
150	14.3	42
200	28.49	47
250	35.68	50
300	38.33	52
350	40.35	53
400	42.55	56
450	44.76	56
500	46.9	60
550	50.23	70
600	52.29	70
650	54.29	70
700	56.09	71
750	57.86	72
800	59.43	75
850	61.3	75
900	62.62	75
950	64.0	75
1000	64.83	75
1050	66.36	75
1100	67.79	75
1150	68.95	76
1200	69.92	76
1250	70.83	79
1300	71.58	79
1350	72.81	79
1400	73.35	79
1450	74.1	79
1500	74.74	79
1550	75.76	80
1600	76.51	80
1650	77.01	80
1700	77.29	80
1750	77.77	81
1800	78.49	82
1850	79.01	82
1900	79.42	82
1950	79.86	82
2000	80.29	84
2050	80.58	84
2100	80.8	84
2150	81.26	85
2200	81.5	85
2250	81.74	85
2300	82.01	85
2350	82.37	85
2400	82.72	85
2450	83.03	85
2500	83.41	85
2550	83.62	86
2600	83.81	86
2650	84.11	87
2700	84.34	87
2750	84.49	87
2800	84.62	87
2850	84.79	87
2900	84.95	87
2950	85.32	87
3000	85.6	88
3050	85.84	88
3100	86.12	88
3150	86.5	90
3200	86.83	90
3250	87.0	90
3300	87.31	90
3350	87.63	90
3400	87.76	90
3450	87.97	90
3500	88.36	91
3550	88.52	91
3600	88.71	93
3650	89.03	93
3700	89.25	93
3750	89.64	93
3800	89.83	93
3850	90.17	93
3900	90.49	93
3950	90.69	93
4000	90.96	93
4050	91.31	94
4100	91.57	94
4150	91.76	94
4200	92.06	94
4250	92.33	94
4300	92.7	94
4350	93.04	94
4400	93.1	94
4450	93.12	94
4500	93.15	94
4550	93.25	95
4600	93.38	95
4650	93.48	95
4700	93.59	95
4750	93.75	95
4800	93.97	95
4850	94.11	95
4900	94.13	95
4950	94.14	95
5000	94.15	95
5050	94.17	95
5100	94.2	95
5150	94.25	95
5200	94.36	95
5250	94.46	95
5300	94.57	95
5350	94.77	95
5400	94.97	95
5450	95.0	95
5500	95.0	95
5550	95.0	95
5600	95.0	95
5650	95.0	95
5700	95.0	95
5750	95.0	95
5800	95.0	95
5850	95.0	95
5900	95.0	95
5950	95.0	95
6000	95.0	95
6050	95.0	95
6100	95.0	95
6150	95.0	95
6200	95.0	95
6250	95.0	95
6300	95.0	95
6350	95.0	95
6400	95.0	95
6450	95.0	95
6500	95.0	95
6550	95.0	95
6600	95.0	95
6650	95.0	95
6700	95.0	95
6750	95.0	95
6800	95.0	95
6850	95.0	95
6900	95.0	95
6950	95.0	95
7000	95.0	95
7050	95.0	95
7100	95.0	95
7150	95.0	95
7200	95.0	95
7250	95.0	95
7300	95.0	95
7350	95.0	95
7400	95.0	95
7450	95.0	95
7500	95.0	95
7550	95.0	95
7600	95.0	95
7650	95.0	95
7700	95.0	95
7750	95.0	95
7800	95.0	95
7850	95.0	95
7900	95.0	95
7950	95.0	95
8000	95.0	95
8050	95.0	95
8100	95.0	95
8150	95.0	95
8200	95.0	95
8250	95.0	95
8300	95.0	95
8350	95.0	95
8400	95.0	95
8450	95.0	95
8500	95.0	95
8550	95.0	95
8600	95.0	95
8650	95.0	95
8700	95.0	95
8750	95.0	95
8800	95.0	95
8850	95.0	95
8900	95.0	95
8950	95.0	95
9000	95.0	95
9050	95.0	95
9100	95.0	95
9150	95.0	95
9200	95.0	95
9250	95.0	95
9300	95.0	95
9350	95.0	95
9400	95.0	95
9450	95.0	95
9500	95.0	95
9550	95.0	95
9600	95.0	95
9650	95.0	95
9700	95.0	95
9750	95.0	95
9800	95.0	95
9850	95.0	95
9900	95.0	95
9950	95.0	95
10000	95.0	95
run 16
150	4.0	16
200	8.73	20
250	11.31	24
300	14.69	24
350	17.48	24
400	20.28	24
450	22.04	24
500	22.98	24
550	23.76	24
600	24.04	28
650	24.04	28
700	24.16	28
750	24.16	28
800	24.28	28
850	24.44	28
900	24.68	28
950	25.07	28
1000	25.55	28
1050	25.82	28
1100	26.97	28
1150	28.0	28
1200	28.0	28
1250	28.0	28
1300	28.0	28
1350	28.0	28
1400	28.0	28
1450	28.0	28
1500	28.0	28
1550	28.0	28
1600	28.0	28
1650	28.0	28
1700	28.0	28
1750	28.0	28
1800	28.0	28
1850	28.0	28
1900	28.0	28
1950	28.0	28
2000	28.0	28
2050	28.0	28
2100	28.0	28
2150	28.0	28
2200	28.0	28
2250	28.0	28
2300	28.0	28
2350	28.0	28
2400	28.0	28
2450	28.0	28
2500	28.0	28
2550	28.0	28
2600	28.0	28
2650	28.0	28
2700	28.0	28
2750	28.0	28
2800	28.0	28
2850	28.0	28
2900	28.0	28
2950	28.0	28
3000	28.0	28
3050	28.0	28
3100	28.0	28
3150	28.0	28
3200	28.0	28
3250	28.0	28
3300	28.0	28
3350	28.0	28
3400	28.0	28
3450	28.0	28
3500	28.0	28
3550	28.0	28
3600	28.0	28
3650	28.0	28
3700	28.0	28
3750	28.0	28
3800	28.0	28
3850	28.0	28
3900	28.0	28
3950	28.0	28
4000	28.0	28
4050	28.0	28
4100	28.0	28
4150	28.0	28
4200	28.0	28
4250	28.0	28
4300	28.0	28
4350	28.0	28
4400	28.0	28
4450	28.0	28
4500	28.0	28
4550	28.0	28
4600	28.0	28
4650	28.0	28
4700	28.0	28
4750	28.0	28
4800	28.0	28
4850	28.0	28
4900	28.0	28
4950	28.0	28
5000	28.0	28
5050	28.0	28
5100	28.0	28
5150	28.0	28
5200	28.0	28
5250	28.0	28
5300	28.0	28
5350	28.0	28
5400	28.0	28
5450	28.0	28
5500	28.0	28
5550	28.0	28
5600	28.0	28
5650	28.0	28
5700	28.0	28
5750	28.0	28
5800	28.0	28
5850	28.0	28
5900	28.0	28
5950	28.0	28
6000	28.0	28
6050	28.0	28
6100	28.0	28
6150	28.0	28
6200	28.0	28
6250	28.0	28
6300	28.0	28
6350	28.0	28
6400	28.0	28
6450	28.0	28
6500	28.0	28
6550	28.0	28
6600	28.0	28
6650	28.0	28
6700	28.0	28
6750	28.0	28
6800	28.0	28
6850	28.0	28
6900	28.0	28
6950	28.0	28
7000	28.0	28
7050	28.0	28
7100	28.0	28
7150	28.0	28
7200	28.0	28
7250	28.0	28
7300	28.0	28
7350	28.0	28
7400	28.0	28
7450	28.0	28
7500	28.0	28
7550	28.0	28
7600	28.0	28
7650	28.0	28
7700	28.0	28
7750	28.0	28
7800	28.0	28
7850	28.0	28
7900	28.0	28
7950	28.0	28
8000	28.0	28
8050	28.0	28
8100	28.0	28
8150	28.0	28
8200	28.0	28
8250	28.0	28
8300	28.0	28
8350	28.0	28
8400	28.0	28
8450	28.0	28
8500	28.0	28
8550	28.0	28
8600	28.0	28
8650	28.0	28
8700	28.0	28
8750	28.0	28
8800	28.0	28
8850	28.0	28
8900	28.0	28
8950	28.0	28
9000	28.0	28
9050	28.0	28
9100	28.0	28
9150	28.0	28
9200	28.0	28
9250	28.0	28
9300	28.0	28
9350	28.0	28
9400	28.0	28
9450	28.0	28
9500	28.0	28
9550	28.0	28
9600	28.0	28
9650	28.0	28
9700	28.0	28
9750	28.0	28
9800	28.0	28
9850	28.0	28
9900	28.0	28
9950	28.0	28
10000	28.0	28
run 17
150	5.81	14
200	12.26	18
250	14.21	26
300	14.68	26
350	15.34	26
400	15.81	26
450	17.1	26
500	19.7	26
550	21.95	28
600	23.98	28
650	25.7	29
700	26.19	29
750	26.52	29
800	26.85	29
850	27.19	29
900	27.71	30
950	28.24	30
1000	28.71	30
1050	29.0	30
1100	29.03	30
1150	29.03	30
1200	29.05	30
1250	29.09	30
1300	29.14	30
1350	29.15	30
1400	29.24	30
1450	29.33	30
1500	29.46	30
1550	29.66	30
1600	29.91	30
1650	30.0	30
1700	30.0	30
1750	30.0	30
1800	30.0	30
1850	30.0	30
1900	30.0	30
1950	30.0	30
2000	30.0	30
2050	30.0	30
2100	30.0	30
2150	30.0	30
2200	30.0	30
2250	30.0	30
2300	30.0	30
2350	30.0	30
2400	30.0	30
2450	30.0	30
2500	30.0	30
2550	30.0	30
2600	30.0	30
2650	30.0	30
2700	30.0	30
2750	30.0	30
2800	30.0	30
2850	30.0	30
2900	30.0	30
2950	30.0	30
3000	30.0	30
3050	30.0	30
3100	30.0	30
3150	30.0	30
3200	30.0	30
3250	30.0	30
3300	30.0	30
3350	30.0	30
3400	30.0	30
3450	30.0	30
3500	30.0	30
3550	30.0	30
3600	30.0	30
3650	30.0	30
3700	30.0	30
3750	30.0	30
3800	30.0	30
3850	30.0	30
3900	30.0	30
3950	30.0	30
4000	30.0	30
4050	30.0	30
4100	30.0	30
4150	30.0	30
4200	30.0	30
4250	30.0	30
4300	30.0	30
4350	30.0	30
4400	30.0	30
4450	30.0	30
4500	30.0	30
4550	30.0	30
4600	30.0	30
4650	30.0	30
4700	30.0	30
4750	30.0	30
4800	30.0	30
4850	30.0	30
4900	30.0	30
4950	30.0	30
5000	30.0	30
5050	30.0	30
5100	30.0	30
5150	30.0	30
5200	30.0	30
5250	30.0	30
5300	30.0	30
5350	30.0	30
5400	30.0	30
5450	30.0	30
5500	30.0	30
5550	30.0	30
5600	30.0	30
5650	30.0	30
5700	30.0	30
5750	30.0	30
5800	30.0	30
5850	30.0	30
5900	30.0	30
5950	30.0	30
6000	30.0	30
6050	30.0	30
6100	30.0	30
6150	30.0	30
6200	30.0	30
6250	30.0	30
6300	30.0	30
6350	30.0	30
6400	30.0	30
6450	30.0	30
6500	30.0	30
6550	30.0	30
6600	30.0	30
6650	30.0	30
6700	30.0	30
6750	30.0	30
6800	30.0	30
6850	30.0	30
6900	30.0	30
6950	30.0	30
7000	30.0	30
7050	30.0	30
7100	30.0	30
7150	30.0	30
7200	30.0	30
7250	30.0	30
7300	30.0	30
7350	30.0	30
7400	30.0	30
7450	30.0	30
7500	30.0	30
7550	30.0	30
7600	30.0	30
7650	30.0	30
7700	30.0	30
7750	30.0	30
7800	30.0	30
7850	30.0	30
7900	30.0	30
7950	30.0	30
8000	30.0	30
8050	30.0	30
8100	30.0	30
8150	30.0	30
8200	30.0	30
8250	30.0	30
8300	30.0	30
8350	30.0	30
8400	30.0	30
8450	30.0	30
8500	30.0	30
8550	30.0	30
8600	30.0	30
8650	30.0	30
8700	30.0	30
8750	30.0	30
8800	30.0	30
8850	30.0	30
8900	30.0	30
8950	30.0	30
9000	30.0	30
9050	30.0	30
9100	30.0	30
9150	30.0	30
9200	30.0	30
9250	30.0	30
9300	30.0	30
9350	30.0	30
9400	30.0	30
9450	30.0	30
9500	30.0	30
9550	30.0	30
9600	30.0	30
9650	30.0	30
9700	30.0	30
9750	30.0	30
9800	30.0	30
9850	30.0	30
9900	30.0	30
9950	30.0	30
10000	30.0	30
run 18
150	15.84	59
200	37.31	62
250	48.01	62
300	50.95	63
350	54.16	66
400	56.77	70
450	58.66	70
500	60.01	72
550	61.31	72
600	62.71	72
650	63.97	72
700	64.62	72
750	66.01	74
800	66.84	74
850	68.33	78
900	69.05	78
950	70.26	80
1000	71.42	80
1050	72.71	80
1100	73.43	80
1150	74.33	80
1200	75.19	80
1250	76.07	83
1300	77.01	83
1350	77.71	83
1400	78.86	84
1450	79.35	84
1500	80.0	84
1550	80.67	84
1600	81.54	88
1650	82.27	88
1700	83.14	89
1750	83.84	89
1800	84.41	92
1850	84.95	92
1900	85.78	92
1950	86.35	92
2000	87.4	92
2050	88.21	93
2100	88.94	94
2150	89.59	94
2200	90.08	94
2250	90.67	94
2300	91.04	94
2350	91.45	94
2400	91.87	95
2450	92.37	95
2500	92.7	95
2550	92.95	95
2600	93.32	95
2650	93.77	95
2700	94.02	95
2750	94.27	95
2800	94.33	95
2850	94.49	95
2900	94.62	96
2950	94.81	96
3000	95.07	97
3050	95.13	97
3100	95.17	97
3150	95.28	97
3200	95.39	97
3250	95.58	98
3300	95.72	99
3350	95.94	99
3400	96.3	99
3450	96.41	99
3500	96.55	99
3550	96.74	99
3600	96.99	99
3650	97.46	99
3700	97.9	100
3750	98.22	101
3800	98.38	101
3850	98.56	101
3900	98.66	101
3950	98.97	101
4000	99.28	101
4050	99.4	101
4100	99.55	101
4150	99.72	101
4200	100.04	101
4250	100.34	101
4300	100.43	101
4350	100.58	101
4400	100.76	101
4450	101.0	101
4500	101.0	101
4550	101.0	101
4600	101.0	101
4650	101.0	101
4700	101.0	101
4750	101.0	101
4800	101.0	101
4850	101.0	101
4900	101.0	101
4950	101.0	101
5000	101.0	101
5050	101.0	101
5100	101.0	101
5150	101.0	101
5200	101.0	101
5250	101.0	101
5300	101.0	101
5350	101.0	101
5400	101.0	101
5450	101.0	101
5500	101.0	101
5550	101.0	101
5600	101.0	101
5650	101.0	101
5700	101.0	101
5750	101.0	101
5800	101.0	101
5850	101.0	101
5900	101.0	101
5950	101.0	101
6000	101.0	101
6050	101.0	101
6100	101.0	101
6150	101.0	101
6200	101.0	101
6250	101.0	101
6300	101.0	101
6350	101.0	101
6400	101.0	101
6450	101.0	101
6500	101.0	101
6550	101.0	101
6600	101.01	102
6650	101.01	102
6700	101.01	102
6750	101.01	102
6800	101.02	102
6850	101.03	102
6900	101.03	102
6950	101.04	102
7000	101.05	102
7050	101.1	102
7100	101.12	102
7150	101.19	102
7200	101.21	102
7250	101.28	102
7300	101.39	102
7350	101.57	102
7400	101.75	102
7450	101.99	102
7500	102.0	102
7550	102.0	102
7600	102.0	102
7650	102.0	102
7700	102.0	102
7750	102.0	102
7800	102.0	102
7850	102.0	102
7900	102.0	102
7950	102.0	102
8000	102.0	102
8050	102.0	102
8100	102.0	102
8150	102.0	102
8200	102.0	102
8250	102.0	102
8300	102.0	102
8350	102.0	102
8400	102.0	102
8450	102.0	102
8500	102.0	102
8550	102.0	102
8600	102.0	102
8650	102.0	102
8700	102.0	102
8750	102.0	102
8800	102.0	102
8850	102.0	102
8900	102.0	102
8950	102.0	102
9000	102.0	102
9050	102.0	102
9100	102.0	102
9150	102.0	102
9200	102.0	102
9250	102.0	102
9300	102.0	102
9350	102.0	102
9400	102.0	102
9450	102.0	102
9500	102.0	102
9550	102.0	102
9600	102.0	102
9650	102.0	102
9700	102.0	102
9750	102.0	102
9800	102.0	102
9850	102.0	102
9900	102.0	102
9950	102.0	102
10000	102.0	102
run 19
150	8.56	33
200	18.69	38
250	25.83	40
300	29.58	40
350	31.81	41
400	32.53	41
450	34.2	41
500	35.7	42
550	36.62	42
600	37.96	42
650	39.17	43
700	39.88	43
750	40.58	44
800	41.23	47
850	41.99	47
900	42.52	47
950	43.21	47
1000	43.82	47
1050	44.77	48
1100	45.46	50
1150	45.65	50
1200	45.94	51
1250	46.35	51
1300	46.67	51
1350	47.04	51
1400	47.5	51
1450	48.23	51
1500	48.68	51
1550	49.2	51
1600	49.73	51
1650	49.93	51
1700	50.14	52
1750	50.2	52
1800	50.27	52
1850	50.38	52
1900	50.53	52
1950	50.67	52
2000	50.94	53
2050	51.34	53
2100	51.54	53
2150	51.77	53
2200	52.03	53
2250	52.16	54
2300	52.25	54
2350	52.42	54
2400	52.71	54
2450	52.9	54
2500	53.21	54
2550	53.45	54
2600	53.66	54
2650	53.91	54
2700	54.0	54
2750	54.02	55
2800	54.03	55
2850	54.04	55
2900	54.07	55
2950	54.1	55
3000	54.13	55
3050	54.15	55
3100	54.19	55
3150	54.24	55
3200	54.3	55
3250	54.42	55
3300	54.62	56
3350	54.89	56
3400	55.05	56
3450	55.09	56
3500	55.13	56
3550	55.2	56
3600	55.28	56
3650	55.45	56
3700	55.6	57
3750	55.85	57
3800	56.04	57
3850	56.06	57
3900	56.08	57
3950	56.13	57
4000	56.16	57
4050	56.22	57
4100	56.31	57
4150	56.37	57
4200	56.48	57
4250	56.62	57
4300	56.86	57
4350	57.0	57
4400	57.0	57
4450	57.0	57
4500	57.0	57
4550	57.0	57
4600	57.0	57
4650	57.0	57
4700	57.0	57
4750	57.0	57
4800	57.0	57
4850	57.0	57
4900	57.0	57
4950	57.0	57
5000	57.0	57
5050	57.0	57
5100	57.0	57
5150	57.0	57
5200	57.0	57
5250	57.0	57
5300	57.0	57
5350	57.0	57
5400	57.0	57
5450	57.0	57
5500	57.0	57
5550	57.0	57
5600	57.0	57
5650	57.0	57
5700	57.0	57
5750	57.0	57
5800	57.0	57
5850	57.0	57
5900	57.0	57
5950	57.0	57
6000	57.0	57
6050	57.0	57
6100	57.0	57
6150	57.0	57
6200	57.0	57
6250	57.0	57
6300	57.0	57
6350	57.0	57
6400	57.0	57
6450	57.0	57
6500	57.0	57
6550	57.0	57
6600	57.0	57
6650	57.0	57
6700	57.0	57
6750	57.0	57
6800	57.0	57
6850	57.0	57
6900	57.0	57
6950	57.0	57
7000	57.0	57
7050	57.0	57
7100	57.0	57
7150	57.0	57
7200	57.0	57
7250	57.0	57
7300	57.0	57
7350	57.0	57
7400	57.0	57
7450	57.0	57
7500	57.0	57
7550	57.0	57
7600	57.0	57
7650	57.0	57
7700	57.0	57
7750	57.0	57
7800	57.0	57
7850	57.0	57
7900	57.0	57
7950	57.0	57
8000	57.0	57
8050	57.0	57
8100	57.0	57
8150	57.0	57
8200	57.0	57
8250	57.0	57
8300	57.0	57
8350	57.0	57
8400	57.0	57
8450	57.0	57
8500	57.0	57
8550	57.0	57
8600	57.0	57
8650	57.0	57
8700	57.0	57
8750	57.0	57
8800	57.0	57
8850	57.0	57
8900	57.0	57
8950	57.0	57
9000	57.0	57
9050	57.0	57
9100	57.0	57
9150	57.0	57
9200	57.0	57
9250	57.0	57
9300	57.0	57
9350	57.0	57
9400	57.0	57
9450	57.0	57
9500	57.0	57
9550	57.0	57
9600	57.0	57
9650	57.0	57
9700	57.0	57
9750	57.0	57
9800	57.0	57
9850	57.0	57
9900	57.0	57
9950	57.0	57
10000	57.0	57
run 20
150	13.36	41
200	28.3	42
250	35.98	47
300	37.28	47
350	38.41	47
400	39.71	47
450	41.26	47
500	42.51	47
550	43.45	49
600	44.4	49
650	45.81	52
700	46.74	53
750	47.88	53
800	48.74	53
850	49.43	53
900	50.11	59
950	50.65	59
1000	51.81	59
1050	52.7	59
1100	53.48	59
1150	54.46	61
1200	55.7	61
1250	56.77	62
1300	58.01	62
1350	58.98	64
1400	59.44	64
1450	60.22	65
1500	60.58	65
1550	61.18	65
1600	61.73	65
1650	62.12	65
1700	62.61	65
1750	63.13	66
1800	63.59	66
1850	63.93	66
1900	64.3	70
1950	64.4	70
2000	64.69	70
2050	64.95	70
2100	65.37	71
2150	65.8	71
2200	66.04	71
2250	66.25	71
2300	66.72	71
2350	66.92	71
2400	67.28	71
2450	67.71	71
2500	68.32	71
2550	68.82	71
2600	69.11	71
2650	69.36	71
2700	69.7	71
2750	69.88	71
2800	70.2	73
2850	70.46	73
2900	70.64	73
2950	70.83	73
3000	71.05	73
3050	71.1	73
3100	71.11	73
3150	71.13	73
3200	71.18	73
3250	71.24	73
3300	71.32	73
3350	71.43	73
3400	71.57	73
3450	71.91	73
3500	72.1	73
3550	72.54	74
3600	72.73	74
3650	73.0	74
3700	73.08	74
3750	73.08	74
3800	73.11	74
3850	73.19	74
3900	73.33	74
3950	73.43	74
4000	73.53	74
4050	73.71	74
4100	73.9	74
4150	74.0	74
4200	74.02	75
4250	74.04	75
4300	74.04	75
4350	74.05	75
4400	74.06	75
4450	74.07	75
4500	74.09	75
4550	74.12	75
4600	74.17	75
4650	74.26	75
4700	74.38	75
4750	74.47	75
4800	74.6	75
4850	74.79	75
4900	75.0	75
4950	75.0	75
5000	75.0	75
5050	75.0	75
5100	75.01	76
5150	75.01	76
5200	75.01	76
5250	75.02	76
5300	75.02	76
5350	75.02	76
5400	75.03	76
5450	75.03	76
5500	75.03	76
5550	75.05	76
5600	75.06	76
5650	75.07	76
5700	75.12	76
5750	75.21	76
5800	75.24	76
5850	75.4	76
5900	75.56	76
5950	75.75	76
6000	75.94	76
6050	76.0	76
6100	76.0	76
6150	76.0	76
6200	76.0	76
6250	76.0	76
6300	76.0	76
6350	76.0	76
6400	76.0	76
6450	76.0	76
6500	76.0	76
6550	76.0	76
6600	76.0	76
6650	76.0	76
6700	76.0	76
6750	76.0	76
6800	76.0	76
6850	76.0	76
6900	76.0	76
6950	76.0	76
7000	76.0	76
7050	76.0	76
7100	76.0	76
7150	76.0	76
7200	76.0	76
7250	76.0	76
7300	76.0	76
7350	76.0	76
7400	76.0	76
7450	76.0	76
7500	76.0	76
7550	76.0	76
7600	76.0	76
7650	76.0	76
7700	76.0	76
7750	76.0	76
7800	76.0	76
7850	76.0	76
7900	76.0	76
7950	76.0	76
8000	76.0	76
8050	76.0	76
8100	76.0	76
8150	76.0	76
8200	76.0	76
8250	76.0	76
8300	76.0	76
8350	76.0	76
8400	76.0	76
8450	76.0	76
8500	76.0	76
8550	76.0	76
8600	76.0	76
8650	76.0	76
8700	76.0	76
8750	76.0	76
8800	76.0	76
8850	76.0	76
8900	76.0	76
8950	76.0	76
9000	76.0	76
9050	76.0	76
9100	76.0	76
9150	76.0	76
9200	76.0	76
9250	76.0	76
9300	76.0	76
9350	76.0	76
9400	76.0	76
9450	76.0	76
9500	76.0	76
9550	76.0	76
9600	76.0	76
9650	76.0	76
9700	76.0	76
9750	76.0	76
9800	76.0	76
9850	76.0	76
9900	76.0	76
9950	76.0	76
10000	76.0	76
run 21
150	20.05	63
200	42.91	71
250	55.46	71
300	58.23	71
350	60.59	71
400	62.6	73
450	64.79	73
500	66.13	74
550	67.46	74
600	69.14	77
650	70.23	77
700	71.39	77
750	72.65	78
800	73.45	80
850	74.72	84
900	75.82	84
950	76.83	84
1000	77.4	84
1050	78.41	86
1100	79.27	87
1150	80.22	87
1200	80.98	87
1250	81.86	87
1300	82.62	90
1350	83.45	90
1400	84.32	92
1450	84.86	92
1500	85.42	92
1550	85.83	92
1600	86.29	92
1650	87.14	92
1700	87.38	92
1750	87.73	93
1800	88.35	97
1850	88.56	97
1900	89.06	97
1950	89.8	97
2000	90.74	97
2050	91.78	97
2100	92.64	97
2150	93.6	98
2200	94.32	98
2250	95.02	99
2300	95.8	99
2350	96.62	99
2400	97.12	100
2450	97.54	100
2500	97.92	100
2550	98.21	100
2600	98.75	102
2650	99.21	102
2700	99.59	102
2750	99.85	102
2800	100.11	102
2850	100.36	102
2900	100.71	102
2950	100.99	103
3000	101.3	103
3050	101.44	103
3100	101.65	103
3150	101.85	103
3200	102.14	103
3250	102.17	103
3300	102.26	103
3350	102.36	104
3400	102.43	104
3450	102.57	104
3500	102.75	104
3550	102.92	104
3600	103.13	104
3650	103.19	104
3700	103.27	104
3750	103.47	104
3800	103.62	105
3850	103.82	105
3900	104.02	105
3950	104.03	105
4000	104.03	105
4050	104.04	105
4100	104.04	105
4150	104.05	105
4200	104.09	105
4250	104.15	105
4300	104.19	106
4350	104.23	106
4400	104.3	106
4450	104.43	106
4500	104.57	106
4550	104.82	106
4600	105.0	106
4650	105.15	106
4700	105.25	106
4750	105.34	106
4800	105.46	106
4850	105.66	106
4900	105.86	106
4950	106.0	106
5000	106.0	106
5050	106.0	106
5100	106.0	106
5150	106.0	106
5200	106.0	106
5250	106.0	106
5300	106.0	106
5350	106.0	106
5400	106.0	106
5450	106.0	106
5500	106.0	106
5550	106.0	106
5600	106.0	106
5650	106.0	106
5700	106.0	106
5750	106.0	106
5800	106.0	106
5850	106.0	106
5900	106.0	106
5950	106.0	106
6000	106.0	106
6050	106.0	106
6100	106.0	106
6150	106.0	106
6200	106.0	106
6250	106.0	106
6300	106.0	106
6350	106.0	106
6400	106.0	106
6450	106.0	106
6500	106.0	106
6550	106.0	106
6600	106.0	106
6650	106.0	106
6700	106.0	106
6750	106.0	106
6800	106.0	106
6850	106.0	106
6900	106.0	106
6950	106.0	106
7000	106.0	106
7050	106.0	106
7100	106.0	106
7150	106.0	106
7200	106.0	106
7250	106.0	106
7300	106.0	106
7350	106.0	106
7400	106.0	106
7450	106.0	106
7500	106.0	106
7550	106.0	106
7600	106.0	106
7650	106.0	106
7700	106.0	106
7750	106.0	106
7800	106.0	106
7850	106.0	106
7900	106.0	106
7950	106.0	106
8000	106.0	106
8050	106.0	106
8100	106.0	106
8150	106.0	106
8200	106.0	106
8250	106.0	106
8300	106.0	106
8350	106.0	106
8400	106.0	106
8450	106.0	106
8500	106.0	106
8550	106.0	106
8600	106.0	106
8650	106.0	106
8700	106.0	106
8750	106.0	106
8800	106.0	106
8850	106.0	106
8900	106.0	106
8950	106.0	106
9000	106.0	106
9050	106.0	106
9100	106.0	106
9150	106.0	106
9200	106.0	106
9250	106.0	106
9300	106.0	106
9350	106.0	106
9400	106.0	106
9450	106.0	106
9500	106.0	106
9550	106.0	106
9600	106.0	106
9650	106.0	106
9700	106.0	106
9750	106.0	106
9800	106.0	106
9850	106.0	106
9900	106.0	106
9950	106.0	106
10000	106.0	106
run 22
150	11.01	37
200	22.46	41
250	30.77	45
300	33.99	46
350	37.27	54
400	39.5	54
450	42.4	56
500	44.61	56
550	46.3	57
600	48.01	57
650	50.6	61
700	52.64	61
750	54.2	61
800	55.71	62
850	57.0	62
900	58.52	69
950	60.2	71
1000	61.58	71
1050	62.86	72
1100	63.84	72
1150	65.08	72
1200	66.59	74
1250	68.0	74
1300	68.82	74
1350	70.0	76
1400	70.97	77
1450	71.56	79
1500	72.26	79
1550	72.94	79
1600	73.45	79
1650	73.96	79
1700	74.58	82
1750	74.85	82
1800	75.36	82
1850	76.1	82
1900	76.7	82
1950	77.29	82
2000	77.89	82
2050	78.35	84
2100	78.72	84
2150	79.2	84
2200	79.59	84
2250	80.08	84
2300	80.61	84
2350	80.89	84
2400	81.27	85
2450	81.55	85
2500	81.96	85
2550	82.51	85
2600	82.9	86
2650	83.29	86
2700	83.67	88
2750	84.19	88
2800	84.49	88
2850	84.77	88
2900	85.14	88
2950	85.46	88
3000	86.03	88
3050	86.53	88
3100	87.01	90
3150	87.5	91
3200	87.96	91
3250	88.26	91
3300	88.4	91
3350	88.51	91
3400	88.73	91
3450	89.13	91
3500	89.54	93
3550	90.04	93
3600	90.38	93
3650	90.56	93
3700	90.76	93
3750	91.0	94
3800	91.48	94
3850	91.75	94
3900	92.26	94
3950	92.66	94
4000	93.15	94
4050	93.37	95
4100	93.48	95
4150	93.68	95
4200	93.9	95
4250	94.04	95
4300	94.06	95
4350	94.09	95
4400	94.1	95
4450	94.14	95
4500	94.17	95
4550	94.24	95
4600	94.35	96
4650	94.45	96
4700	94.6	96
4750	94.77	96
4800	95.06	96
4850	95.14	96
4900	95.2	96
4950	95.22	96
5000	95.29	96
5050	95.41	96
5100	95.52	96
5150	95.73	96
5200	95.92	96
5250	96.0	96
5300	96.02	97
5350	96.02	97
5400	96.02	97
5450	96.03	97
5500	96.04	97
5550	96.05	97
5600	96.07	97
5650	96.09	97
5700	96.13	97
5750	96.17	97
5800	96.24	97
5850	96.3	97
5900	96.4	97
5950	96.56	97
6000	96.71	97
6050	96.87	97
6100	97.0	97
6150	97.0	97
6200	97.0	97
6250	97.0	97
6300	97.0	97
6350	97.0	97
6400	97.0	97
6450	97.0	97
6500	97.0	97
6550	97.0	97
6600	97.0	97
6650	97.0	97
6700	97.0	97
6750	97.0	97
6800	97.0	97
6850	97.0	97
6900	97.0	97
6950	97.0	97
7000	97.0	97
7050	97.0	97
7100	97.0	97
7150	97.0	97
7200	97.0	97
7250	97.0	97
7300	97.0	97
7350	97.0	97
7400	97.0	97
7450	97.0	97
7500	97.0	97
7550	97.0	97
7600	97.0	97
7650	97.0	97
7700	97.0	97
7750	97.0	97
7800	97.0	97
7850	97.0	97
7900	97.0	97
7950	97.0	97
8000	97.0	97
8050	97.0	97
8100	97.0	97
8150	97.0	97
8200	97.0	97
8250	97.0	97
8300	97.0	97
8350	97.0	97
8400	97.0	97
8450	97.0	97
8500	97.0	97
8550	97.0	97
8600	97.0	97
8650	97.0	97
8700	97.0	97
8750	97.0	97
8800	97.0	97
8850	97.0	97
8900	97.0	97
8950	97.0	97
9000	97.0	97
9050	97.0	97
9100	97.0	97
9150	97.0	97
9200	97.0	97
9250	97.0	97
9300	97.0	97
9350	97.0	97
9400	97.0	97
9450	97.0	97
9500	97.0	97
9550	97.0	97
9600	97.0	97
9650	97.0	97
9700	97.0	97
9750	97.0	97
9800	97.0	97
9850	97.0	97
9900	97.0	97
9950	97.0	97
10000	97.0	97
run 23
150	6.39	21
200	15.1	21
250	18.21	21
300	18.37	21
350	18.51	21
400	18.69	21
450	19.06	21
500	19.52	21
550	19.95	21
600	20.16	21
650	20.2	21
700	20.27	23
750	20.29	23
800	20.49	23
850	20.73	23
900	21.05	23
950	21.22	23
1000	21.34	23
1050	21.66	23
1100	21.96	23
1150	22.4	23
1200	23.0	23
1250	23.0	23
1300	23.0	23
1350	23.01	24
1400	23.01	24
1450	23.01	24
1500	23.04	24
1550	23.06	24
1600	23.08	24
1650	23.19	24
1700	23.29	24
1750	23.43	24
1800	23.68	24
1850	23.94	24
1900	24.0	24
1950	24.0	24
2000	24.0	24
2050	24.0	24
2100	24.0	24
2150	24.0	24
2200	24.0	24
2250	24.0	24
2300	24.0	24
2350	24.0	24
2400	24.0	24
2450	24.0	24
2500	24.0	24
2550	24.0	24
2600	24.0	24
2650	24.0	24
2700	24.0	24
2750	24.0	24
2800	24.0	24
2850	24.0	24
2900	24.0	24
2950	24.0	24
3000	24.0	24
3050	24.0	24
3100	24.0	24
3150	24.0	24
3200	24.0	24
3250	24.0	24
3300	24.0	24
3350	24.0	24
3400	24.0	24
3450	24.0	24
3500	24.0	24
3550	24.0	24
3600	24.0	24
3650	24.0	24
3700	24.0	24
3750	24.0	24
3800	24.0	24
3850	24.0	24
3900	24.0	24
3950	24.0	24
4000	24.0	24
4050	24.0	24
4100	24.0	24
4150	24.0	24
4200	24.0	24
4250	24.0	24
4300	24.0	24
4350	24.0	24
4400	24.0	24
4450	24.0	24
4500	24.0	24
4550	24.0	24
4600	24.0	24
4650	24.0	24
4700	24.0	24
4750	24.0	24
4800	24.0	24
4850	24.0	24
4900	24.0	24
4950	24.0	24
5000	24.0	24
5050	24.0	24
5100	24.0	24
5150	24.0	24
5200	24.0	24
5250	24.0	24
5300	24.0	24
5350	24.0	24
5400	24.0	24
5450	24.0	24
5500	24.0	24
5550	24.0	24
5600	24.0	24
5650	24.0	24
5700	24.0	24
5750	24.0	24
5800	24.0	24
5850	24.0	24
5900	24.0	24
5950	24.0	24
6000	24.0	24
6050	24.0	24
6100	24.0	24
6150	24.0	24
6200	24.0	24
6250	24.0	24
6300	24.0	24
6350	24.0	24
6400	24.0	24
6450	24.0	24
6500	24.0	24
6550	24.0	24
6600	24.0	24
6650	24.0	24
6700	24.0	24
6750	24.0	24
6800	24.0	24
6850	24.0	24
6900	24.0	24
6950	24.0	24
7000	24.0	24
7050	24.0	24
7100	24.0	24
7150	24.0	24
7200	24.0	24
7250	24.0	24
7300	24.0	24
7350	24.0	24
7400	24.0	24
7450	24.0	24
7500	24.0	24
7550	24.0	24
7600	24.0	24
7650	24.0	24
7700	24.0	24
7750	24.0	24
7800	24.0	24
7850	24.0	24
7900	24.0	24
7950	24.0	24
8000	24.0	24
8050	24.0	24
8100	24.0	24
8150	24.0	24
8200	24.0	24
8250	24.0	24
8300	24.0	24
8350	24.0	24
8400	24.0	24
8450	24.0	24
8500	24.0	24
8550	24.0	24
8600	24.0	24
8650	24.0	24
8700	24.0	24
8750	24.0	24
8800	24.0	24
8850	24.0	24
8900	24.0	24
8950	24.0	24
9000	24.0	24
9050	24.0	24
9100	24.0	24
9150	24.0	24
9200	24.0	24
9250	24.0	24
9300	24.0	24
9350	24.0	24
9400	24.0	24
9450	24.0	24
9500	24.0	24
9550	24.0	24
9600	24.0	24
9650	24.0	24
9700	24.0	24
9750	24.0	24
9800	24.0	24
9850	24.0	24
9900	24.0	24
9950	24.0	24
10000	24.0	24
run 24
150	1.2	3
200	2.66	3
250	3.0	3
300	3.0	3
350	3.0	3
400	3.0	3
450	3.0	3
500	3.0	3
550	3.0	3
600	3.0	3
650	3.0	3
700	3.0	3
750	3.0	3
800	3.0	3
850	3.0	3
900	3.0	3
950	3.0	3
1000	3.0	3
1050	3.0	3
1100	3.0	3
1150	3.0	3
1200	3.0	3
1250	3.0	3
1300	3.0	3
1350	3.0	3
1400	3.0	3
1450	3.0	3
1500	3.0	3
1550	3.0	3
1600	3.0	3
1650	3.0	3
1700	3.0	3
1750	3.0	3
1800	3.0	3
1850	3.0	3
1900	3.0	3
1950	3.0	3
2000	3.0	3
2050	3.0	3
2100	3.0	3
2150	3.0	3
2200	3.0	3
2250	3.0	3
2300	3.0	3
2350	3.0	3
2400	3.0	3
2450	3.0	3
2500	3.0	3
2550	3.0	3
2600	3.0	3
2650	3.0	3
2700	3.0	3
2750	3.0	3
2800	3.0	3
2850	3.0	3
2900	3.0	3
2950	3.0	3
3000	3.0	3
3050	3.0	3
3100	3.0	3
3150	3.0	3
3200	3.0	3
3250	3.0	3
3300	3.0	3
3350	3.0	3
3400	3.0	3
3450	3.0	3
3500	3.0	3
3550	3.0	3
3600	3.0	3
3650	3.0	3
3700	3.0	3
3750	3.0	3
3800	3.0	3
3850	3.0	3
3900	3.0	3
3950	3.0	3
4000	3.0	3
4050	3.0	3
4100	3.0	3
4150	3.0	3
4200	3.0	3
4250	3.0	3
4300	3.0	3
4350	3.0	3
4400	3.0	3
4450	3.0	3
4500	3.0	3
4550	3.0	3
4600	3.0	3
4650	3.0	3
4700	3.0	3
4750	3.0	3
4800	3.0	3
4850	3.0	3
4900	3.0	3
4950	3.0	3
5000	3.0	3
5050	3.0	3
5100	3.0	3
5150	3.0	3
5200	3.0	3
5250	3.0	3
5300	3.0	3
5350	3.0	3
5400	3.0	3
5450	3.0	3
5500	3.0	3
5550	3.0	3
5600	3.0	3
5650	3.0	3
5700	3.0	3
5750	3.0	3
5800	3.0	3
5850	3.0	3
5900	3.0	3
5950	3.0	3
6000	3.0	3
6050	3.0	3
6100	3.0	3
6150	3.0	3
6200	3.0	3
6250	3.0	3
6300	3.0	3
6350	3.0	3
6400	3.0	3
6450	3.0	3
6500	3.0	3
6550	3.0	3
6600	3.0	3
6650	3.0	3
6700	3.0	3
6750	3.0	3
6800	3.0	3
6850	3.0	3
6900	3.0	3
6950	3.0	3
7000	3.0	3
7050	3.0	3
7100	3.0	3
7150	3.0	3
7200	3.0	3
7250	3.0	3
7300	3.0	3
7350	3.0	3
7400	3.0	3
7450	3.0	3
7500	3.0	3
7550	3.0	3
7600	3.0	3
7650	3.0	3
7700	3.0	3
7750	3.0	3
7800	3.0	3
7850	3.0	3
7900	3.0	3
7950	3.0	3
8000	3.0	3
8050	3.0	3
8100	3.0	3
8150	3.0	3
8200	3.0	3
8250	3.0	3
8300	3.0	3
8350	3.0	3
8400	3.0	3
8450	3.0	3
8500	3.0	3
8550	3.0	3
8600	3.0	3
8650	3.0	3
8700	3.0	3
8750	3.0	3
8800	3.0	3
8850	3.0	3
8900	3.0	3
8950	3.0	3
9000	3.0	3
9050	3.0	3
9100	3.0	3
9150	3.0	3
9200	3.0	3
9250	3.0	3
9300	3.0	3
9350	3.0	3
9400	3.0	3
9450	3.0	3
9500	3.0	3
9550	3.0	3
9600	3.0	3
9650	3.0	3
9700	3.0	3
9750	3.0	3
9800	3.0	3
9850	3.0	3
9900	3.0	3
9950	3.0	3
10000	3.0	3
run 25
150	7.65	31
200	17.06	31
250	21.27	34
300	24.76	34
350	27.6	34
400	29.51	36
450	30.81	36
500	31.47	36
550	32.75	45
600	33.91	45
650	34.87	45
700	35.99	50
750	36.66	50
800	38.09	53
850	39.89	53
900	41.21	53
950	42.98	53
1000	44.67	53
1050	46.22	53
1100	47.73	53
1150	48.89	53
1200	50.03	53
1250	51.16	56
1300	51.78	56
1350	52.22	56
1400	52.54	56
1450	52.93	56
1500	53.16	56
1550	53.61	56
1600	54.03	57
1650	54.4	57
1700	54.97	58
1750	55.36	58
1800	55.58	58
1850	55.8	58
1900	56.07	58
1950	56.12	58
2000	56.19	58
2050	56.27	58
2100	56.34	58
2150	56.57	58
2200	56.77	58
2250	57.0	58
2300	57.32	59
2350	57.48	59
2400	57.66	60
2450	57.9	60
2500	58.11	60
2550	58.19	60
2600	58.28	60
2650	58.36	60
2700	58.45	60
2750	58.59	60
2800	59.02	60
2850	59.43	60
2900	59.74	60
2950	60.01	61
3000	60.03	61
3050	60.03	61
3100	60.05	61
3150	60.07	61
3200	60.08	61
3250	60.1	61
3300	60.15	61
3350	60.2	61
3400	60.3	62
3450	60.38	62
3500	60.52	62
3550	60.68	62
3600	60.87	62
3650	61.02	62
3700	61.05	62
3750	61.07	62
3800	61.09	62
3850	61.13	62
3900	61.16	62
3950	61.21	62
4000	61.29	62
4050	61.32	62
4100	61.44	62
4150	61.57	62
4200	61.81	62
4250	62.0	62
4300	62.01	63
4350	62.01	63
4400	62.01	63
4450	62.04	63
4500	62.05	63
4550	62.06	63
4600	62.1	63
4650	62.14	63
4700	62.18	63
4750	62.23	63
4800	62.33	63
4850	62.44	63
4900	62.61	63
4950	62.86	63
5000	63.0	63
5050	63.0	63
5100	63.0	63
5150	63.0	63
5200	63.0	63
5250	63.0	63
5300	63.0	63
5350	63.0	63
5400	63.0	63
5450	63.0	63
5500	63.0	63
5550	63.0	63
5600	63.0	63
5650	63.0	63
5700	63.0	63
5750	63.0	63
5800	63.0	63
5850	63.0	63
5900	63.0	63
5950	63.0	63
6000	63.0	63
6050	63.0	63
6100	63.0	63
6150	63.0	63
6200	63.0	63
6250	63.0	63
6300	63.0	63
6350	63.0	63
6400	63.0	63
6450	63.0	63
6500	63.0	63
6550	63.0	63
6600	63.0	63
6650	63.0	63
6700	63.0	63
6750	63.0	63
6800	63.0	63
6850	63.0	63
6900	63.0	63
6950	63.0	63
7000	63.0	63
7050	63.0	63
7100	63.0	63
7150	63.0	63
7200	63.0	63
7250	63.0	63
7300	63.0	63
7350	63.0	63
7400	63.0	63
7450	63.0	63
7500	63.0	63
7550	63.0	63
7600	63.0	63
7650	63.0	63
7700	63.0	63
7750	63.0	63
7800	63.0	63
7850	63.0	63
7900	63.0	63
7950	63.0	63
8000	63.0	63
8050	63.0	63
8100	63.0	63
8150	63.0	63
8200	63.0	63
8250	63.0	63
8300	63.0	63
8350	63.0	63
8400	63.0	63
8450	63.0	63
8500	63.0	63
8550	63.0	63
8600	63.0	63
8650	63.0	63
8700	63.0	63
8750	63.0	63
8800	63.0	63
8850	63.0	63
8900	63.0	63
8950	63.0	63
9000	63.0	63
9050	63.0	63
9100	63.0	63
9150	63.0	63
9200	63.0	63
9250	63.0	63
9300	63.0	63
9350	63.0	63
9400	63.0	63
9450	63.0	63
9500	63.0	63
9550	63.0	63
9600	63.0	63
9650	63.0	63
9700	63.0	63
9750	63.0	63
9800	63.0	63
9850	63.0	63
9900	63.0	63
9950	63.0	63
10000	63.0	63
run 26
150	6.23	18
200	12.78	18
250	14.18	18
300	14.56	18
350	15.25	18
400	15.94	18
450	17.02	18
500	17.83	18
550	18.01	19
600	18.01	19
650	18.02	19
700	18.03	19
750	18.05	19
800	18.07	19
850	18.13	19
900	18.16	19
950	18.23	19
1000	18.32	19
1050	18.49	19
1100	18.7	19
1150	18.97	19
1200	19.0	19
1250	19.0	19
1300	19.0	19
1350	19.0	19
1400	19.0	19
1450	19.0	19
1500	19.0	19
1550	19.0	19
1600	19.0	19
1650	19.0	19
1700	19.0	19
1750	19.0	19
1800	19.0	19
1850	19.0	19
1900	19.0	19
1950	19.0	19
2000	19.0	19
2050	19.0	19
2100	19.0	19
2150	19.0	19
2200	19.0	19
2250	19.0	19
2300	19.0	19
2350	19.0	19
2400	19.0	19
2450	19.0	19
2500	19.0	19
2550	19.0	19
2600	19.0	19
2650	19.0	19
2700	19.0	19
2750	19.0	19
2800	19.0	19
2850	19.0	19
2900	19.0	19
2950	19.0	19
3000	19.0	19
3050	19.0	19
3100	19.0	19
3150	19.0	19
3200	19.0	19
3250	19.0	19
3300	19.0	19
3350	19.0	19
3400	19.0	19
3450	19.0	19
3500	19.0	19
3550	19.0	19
3600	19.0	19
3650	19.0	19
3700	19.0	19
3750	19.0	19
3800	19.0	19
3850	19.0	19
3900	19.0	19
3950	19.0	19
4000	19.0	19
4050	19.0	19
4100	19.0	19
4150	19.0	19
4200	19.0	19
4250	19.0	19
4300	19.0	19
4350	19.0	19
4400	19.0	19
4450	19.0	19
4500	19.0	19
4550	19.0	19
4600	19.0	19
4650	19.0	19
4700	19.0	19
4750	19.0	19
4800	19.0	19
4850	19.0	19
4900	19.0	19
4950	19.0	19
5000	19.0	19
5050	19.0	19
5100	19.0	19
5150	19.0	19
5200	19.0	19
5250	19.0	19
5300	19.0	19
5350	19.0	19
5400	19.0	19
5450	19.0	19
5500	19.0	19
5550	19.0	19
5600	19.0	19
5650	19.0	19
5700	19.0	19
5750	19.0	19
5800	19.0	19
5850	19.0	19
5900	19.0	19
5950	19.0	19
6000	19.0	19
6050	19.0	19
6100	19.0	19
6150	19.0	19
6200	19.0	19
6250	19.0	19
6300	19.0	19
6350	19.0	19
6400	19.0	19
6450	19.0	19
6500	19.0	19
6550	19.0	19
6600	19.0	19
6650	19.0	19
6700	19.0	19
6750	19.0	19
6800	19.0	19
6850	19.0	19
6900	19.0	19
6950	19.0	19
7000	19.0	19
7050	19.0	19
7100	19.0	19
7150	19.0	19
7200	19.0	19
7250	19.0	19
7300	19.0	19
7350	19.0	19
7400	19.0	19
7450	19.0	19
7500	19.0	19
7550	19.0	19
7600	19.0	19
7650	19.0	19
7700	19.0	19
7750	19.0	19
7800	19.0	19
7850	19.0	19
7900	19.0	19
7950	19.0	19
8000	19.0	19
8050	19.0	19
8100	19.0	19
8150	19.0	19
8200	19.0	19
8250	19.0	19
8300	19.0	19
8350	19.0	19
8400	19.0	19
8450	19.0	19
8500	19.0	19
8550	19.0	19
8600	19.0	19
8650	19.0	19
8700	19.0	19
8750	19.0	19
8800	19.0	19
8850	19.0	19
8900	19.0	19
8950	19.0	19
9000	19.0	19
9050	19.0	19
9100	19.0	19
9150	19.0	19
9200	19.0	19
9250	19.0	19
9300	19.0	19
9350	19.0	19
9400	19.0	19
9450	19.0	19
9500	19.0	19
9550	19.0	19
9600	19.0	19
9650	19.0	19
9700	19.0	19
9750	19.0	19
9800	19.0	19
9850	19.0	19
9900	19.0	19
9950	19.0	19
10000	19.0	19
run 27
150	4.27	9
200	8.9	14
250	9.51	14
300	10.1	16
350	10.94	16
400	12.52	24
450	13.89	24
500	15.02	25
550	15.66	26
600	16.94	26
650	18.5	26
700	19.47	26
750	20.55	26
800	22.68	26
850	23.96	26
900	24.82	26
950	25.16	26
1000	25.31	26
1050	25.45	26
1100	25.54	26
1150	25.83	27
1200	26.07	27
1250	26.07	27
1300	26.12	27
1350	26.16	27
1400	26.32	27
1450	26.46	27
1500	26.68	27
1550	26.92	27
1600	27.0	27
1650	27.0	27
1700	27.0	27
1750	27.0	27
1800	27.0	27
1850	27.0	27
1900	27.0	27
1950	27.0	27
2000	27.0	27
2050	27.0	27
2100	27.0	27
2150	27.0	27
2200	27.0	27
2250	27.0	27
2300	27.0	27
2350	27.0	27
2400	27.0	27
2450	27.0	27
2500	27.0	27
2550	27.0	27
2600	27.0	27
2650	27.0	27
2700	27.0	27
2750	27.0	27
2800	27.0	27
2850	27.0	27
2900	27.0	27
2950	27.0	27
3000	27.0	27
3050	27.0	27
3100	27.0	27
3150	27.0	27
3200	27.0	27
3250	27.0	27
3300	27.0	27
3350	27.0	27
3400	27.0	27
3450	27.0	27
3500	27.0	27
3550	27.0	27
3600	27.0	27
3650	27.0	27
3700	27.0	27
3750	27.0	27
3800	27.0	27
3850	27.0	27
3900	27.0	27
3950	27.0	27
4000	27.0	27
4050	27.0	27
4100	27.0	27
4150	27.0	27
4200	27.0	27
4250	27.0	27
4300	27.0	27
4350	27.0	27
4400	27.0	27
4450	27.0	27
4500	27.0	27
4550	27.0	27
4600	27.0	27
4650	27.0	27
4700	27.0	27
4750	27.0	27
4800	27.0	27
4850	27.0	27
4900	27.0	27
4950	27.0	27
5000	27.0	27
5050	27.0	27
5100	27.0	27
5150	27.0	27
5200	27.0	27
5250	27.0	27
5300	27.0	27
5350	27.0	27
5400	27.0	27
5450	27.0	27
5500	27.0	27
5550	27.0	27
5600	27.0	27
5650	27.0	27
5700	27.0	27
5750	27.0	27
5800	27.0	27
5850	27.0	27
5900	27.0	27
5950	27.0	27
6000	27.0	27
6050	27.0	27
6100	27.0	27
6150	27.0	27
6200	27.0	27
6250	27.0	27
6300	27.0	27
6350	27.0	27
6400	27.0	27
6450	27.0	27
6500	27.0	27
6550	27.0	27
6600	27.0	27
6650	27.0	27
6700	27.0	27
6750	27.0	27
6800	27.0	27
6850	27.0	27
6900	27.0	27
6950	27.0	27
7000	27.0	27
7050	27.0	27
7100	27.0	27
7150	27.0	27
7200	27.0	27
7250	27.0	27
7300	27.0	27
7350	27.0	27
7400	27.0	27
7450	27.0	27
7500	27.0	27
7550	27.0	27
7600	27.0	27
7650	27.0	27
7700	27.0	27
7750	27.0	27
7800	27.0	27
7850	27.0	27
7900	27.0	27
7950	27.0	27
8000	27.0	27
8050	27.0	27
8100	27.0	27
8150	27.0	27
8200	27.0	27
8250	27.0	27
8300	27.0	27
8350	27.0	27
8400	27.0	27
8450	27.0	27
8500	27.0	27
8550	27.0	27
8600	27.0	27
8650	27.0	27
8700	27.0	27
8750	27.0	27
8800	27.0	27
8850	27.0	27
8900	27.0	27
8950	27.0	27
9000	27.0	27
9050	27.0	27
9100	27.0	27
9150	27.0	27
9200	27.0	27
9250	27.0	27
9300	27.0	27
9350	27.0	27
9400	27.0	27
9450	27.0	27
9500	27.0	27
9550	27.0	27
9600	27.0	27
9650	27.0	27
9700	27.0	27
9750	27.0	27
9800	27.0	27
9850	27.0	27
9900	27.0	27
9950	27.0	27
10000	27.0	27
run 28
150	13.87	40
200	30.52	55
250	37.57	56
300	40.83	60
350	44.25	71
400	47.76	71
450	50.62	71
500	53.3	71
550	55.87	71
600	57.58	71
650	59.72	71
700	61.34	76
750	63.28	76
800	64.37	76
850	65.62	76
900	67.57	80
950	69.02	80
1000	70.6	83
1050	72.23	83
1100	74.07	88
1150	75.59	88
1200	77.6	88
1250	79.24	88
1300	80.48	89
1350	81.97	90
1400	82.99	90
1450	83.98	90
1500	85.23	91
1550	86.07	91
1600	87.01	92
1650	87.59	94
1700	88.14	94
1750	88.84	94
1800	89.45	94
1850	89.9	94
1900	90.71	94
1950	91.44	96
2000	91.85	96
2050	92.18	96
2100	92.54	96
2150	92.99	98
2200	93.47	99
2250	93.72	99
2300	93.96	99
2350	94.3	99
2400	94.62	99
2450	94.72	99
2500	94.99	99
2550	95.3	99
2600	95.94	100
2650	96.48	100
2700	96.89	100
2750	97.47	100
2800	97.9	100
2850	98.32	100
2900	98.58	100
2950	98.76	101
3000	98.9	101
3050	99.15	101
3100	99.32	101
3150	99.41	101
3200	99.48	101
3250	99.57	101
3300	99.79	101
3350	100.1	101
3400	100.28	102
3450	100.39	102
3500	100.57	102
3550	100.77	102
3600	101.03	102
3650	101.09	102
3700	101.15	102
3750	101.17	102
3800	101.25	102
3850	101.39	103
3900	101.57	103
3950	101.75	103
4000	102.03	104
4050	102.14	104
4100	102.2	104
4150	102.3	104
4200	102.4	104
4250	102.51	104
4300	102.66	104
4350	102.84	104
4400	103.04	104
4450	103.06	104
4500	103.09	104
4550	103.1	104
4600	103.13	104
4650	103.16	105
4700	103.22	105
4750	103.29	105
4800	103.41	105
4850	103.6	105
4900	103.75	105
4950	104.03	105
5000	104.13	105
5050	104.14	105
5100	104.18	105
5150	104.24	105
5200	104.28	105
5250	104.41	106
5300	104.6	106
5350	104.75	106
5400	104.9	106
5450	105.26	106
5500	105.33	106
5550	105.51	107
5600	105.63	107
5650	105.85	107
5700	106.02	107
5750	106.02	107
5800	106.02	107
5850	106.02	107
5900	106.02	107
5950	106.02	107
6000	106.02	107
6050	106.03	107
6100	106.03	107
6150	106.04	107
6200	106.07	107
6250	106.07	107
6300	106.14	107
6350	106.21	107
6400	106.31	107
6450	106.46	107
6500	106.61	107
6550	106.89	107
6600	107.0	107
6650	107.0	107
6700	107.0	107
6750	107.0	107
6800	107.0	107
6850	107.0	107
6900	107.0	107
6950	107.0	107
7000	107.0	107
7050	107.0	107
7100	107.0	107
7150	107.0	107
7200	107.0	107
7250	107.0	107
7300	107.0	107
7350	107.0	107
7400	107.0	107
7450	107.0	107
7500	107.0	107
7550	107.0	107
7600	107.0	107
7650	107.0	107
7700	107.0	107
7750	107.0	107
7800	107.0	107
7850	107.0	107
7900	107.0	107
7950	107.0	107
8000	107.0	107
8050	107.0	107
8100	107.0	107
8150	107.0	107
8200	107.0	107
8250	107.0	107
8300	107.0	107
8350	107.0	107
8400	107.0	107
8450	107.0	107
8500	107.0	107
8550	107.0	107
8600	107.0	107
8650	107.0	107
8700	107.0	107
8750	107.0	107
8800	107.0	107
8850	107.0	107
8900	107.0	107
8950	107.0	107
9000	107.0	107
9050	107.0	107
9100	107.0	107
9150	107.0	107
9200	107.0	107
9250	107.0	107
9300	107.0	107
9350	107.0	107
9400	107.0	107
9450	107.0	107
9500	107.0	107
9550	107.0	107
9600	107.0	107
9650	107.0	107
9700	107.0	107
9750	107.0	107
9800	107.0	107
9850	107.0	107
9900	107.0	107
9950	107.0	107
10000	107.0	107
run 29
150	0.22	1
200	0.99	6
250	2.07	6
300	3.65	6
350	5.79	7
400	6.04	7
450	6.06	7
500	6.08	7
550	6.11	7
600	6.2	7
650	6.25	7
700	6.38	7
750	6.54	7
800	6.73	7
850	7.0	7
900	7.0	7
950	7.0	7
1000	7.0	7
1050	7.0	7
1100	7.0	7
1150	7.0	7
1200	7.0	7
1250	7.0	7
1300	7.0	7
1350	7.0	7
1400	7.0	7
1450	7.0	7
1500	7.0	7
1550	7.0	7
1600	7.0	7
1650	7.0	7
1700	7.0	7
1750	7.0	7
1800	7.0	7
1850	7.0	7
1900	7.0	7
1950	7.0	7
2000	7.0	7
2050	7.0	7
2100	7.0	7
2150	7.0	7
2200	7.0	7
2250	7.0	7
2300	7.0	7
2350	7.0	7
2400	7.0	7
2450	7.0	7
2500	7.0	7
2550	7.0	7
2600	7.0	7
2650	7.0	7
2700	7.0	7
2750	7.0	7
2800	7.0	7
2850	7.0	7
2900	7.0	7
2950	7.0	7
3000	7.0	7
3050	7.0	7
3100	7.0	7
3150	7.0	7
3200	7.0	7
3250	7.0	7
3300	7.0	7
3350	7.0	7
3400	7.0	7
3450	7.0	7
3500	7.0	7
3550	7.0	7
3600	7.0	7
3650	7.0	7
3700	7.0	7
3750	7.0	7
3800	7.0	7
3850	7.0	7
3900	7.0	7
3950	7.0	7
4000	7.0	7
4050	7.0	7
4100	7.0	7
4150	7.0	7
4200	7.0	7
4250	7.0	7
4300	7.0	7
4350	7.0	7
4400	7.0	7
4450	7.0	7
4500	7.0	7
4550	7.0	7
4600	7.0	7
4650	7.0	7
4700	7.0	7
4750	7.0	7
4800	7.0	7
4850	7.0	7
4900	7.0	7
4950	7.0	7
5000	7.0	7
5050	7.0	7
5100	7.0	7
5150	7.0	7
5200	7.0	7
5250	7.0	7
5300	7.0	7
5350	7.0	7
5400	7.0	7
5450	7.0	7
5500	7.0	7
5550	7.0	7
5600	7.0	7
5650	7.0	7
5700	7.0	7
5750	7.0	7
5800	7.0	7
5850	7.0	7
5900	7.0	7
5950	7.0	7
6000	7.0	7
6050	7.0	7
6100	7.0	7
6150	7.0	7
6200	7.0	7
6250	7.0	7
6300	7.0	7
6350	7.0	7
6400	7.0	7
6450	7.0	7
6500	7.0	7
6550	7.0	7
6600	7.0	7
6650	7.0	7
6700	7.0	7
6750	7.0	7
6800	7.0	7
6850	7.0	7
6900	7.0	7
6950	7.0	7
7000	7.0	7
7050	7.0	7
7100	7.0	7
7150	7.0	7
7200	7.0	7
7250	7.0	7
7300	7.0	7
7350	7.0	7
7400	7.0	7
7450	7.0	7
7500	7.0	7
7550	7.0	7
7600	7.0	7
7650	7.0	7
7700	7.0	7
7750	7.0	7
7800	7.0	7
7850	7.0	7
7900	7.0	7
7950	7.0	7
8000	7.0	7
8050	7.0	7
8100	7.0	7
8150	7.0	7
8200	7.0	7
8250	7.0	7
8300	7.0	7
8350	7.0	7
8400	7.0	7
8450	7.0	7
8500	7.0	7
8550	7.0	7
8600	7.0	7
8650	7.0	7
8700	7.0	7
8750	7.0	7
8800	7.0	7
8850	7.0	7
8900	7.0	7
8950	7.0	7
9000	7.0	7
9050	7.0	7
9100	7.0	7
9150	7.0	7
9200	7.0	7
9250	7.0	7
9300	7.0	7
9350	7.0	7
9400	7.0	7
9450	7.0	7
9500	7.0	7
9550	7.0	7
9600	7.0	7
9650	7.0	7
9700	7.0	7
9750	7.0	7
9800	7.0	7
9850	7.0	7
9900	7.0	7
9950	7.0	7
10000	7.0	7
run 30
150	14.62	44
200	32.31	55
250	39.87	55
300	42.89	56
350	44.95	56
400	46.97	58
450	48.46	61
500	50.13	61
550	51.87	61
600	53.93	61
650	55.35	65
700	56.85	68
750	58.17	68
800	59.86	68
850	61.55	70
900	62.72	70
950	63.83	71
1000	65.06	75
1050	66.28	78
1100	67.2	78
1150	68.01	78
1200	68.95	78
1250	69.66	78
1300	70.58	78
1350	71.69	78
1400	72.79	81
1450	73.5	81
1500	74.98	82
1550	76.68	82
1600	77.69	82
1650	78.51	82
1700	78.92	83
1750	79.18	83
1800	79.55	83
1850	79.81	83
1900	80.26	84
1950	80.87	84
2000	81.28	84
2050	81.7	84
2100	82.1	86
2150	82.59	86
2200	82.94	86
2250	83.38	86
2300	83.67	86
2350	84.05	86
2400	84.28	86
2450	84.38	87
2500	84.55	87
2550	84.78	87
2600	85.04	87
2650	85.46	88
2700	85.66	88
2750	85.94	90
2800	86.37	90
2850	86.78	90
2900	87.05	90
2950	87.39	90
3000	87.6	90
3050	87.85	91
3100	88.24	91
3150	88.55	91
3200	88.79	91
3250	89.1	91
3300	89.42	91
3350	89.89	92
3400	90.29	92
3450	90.74	92
3500	91.0	92
3550	91.15	92
3600	91.18	92
3650	91.26	92
3700	91.33	92
3750	91.41	92
3800	91.61	93
3850	91.78	93
3900	92.04	93
3950	92.09	93
4000	92.13	93
4050	92.15	93
4100	92.21	93
4150	92.27	93
4200	92.35	93
4250	92.41	94
4300	92.51	94
4350	92.68	94
4400	92.86	94
4450	93.14	94
4500	93.25	94
4550	93.34	94
4600	93.47	94
4650	93.6	94
4700	93.76	94
4750	94.0	94
4800	94.0	94
4850	94.01	95
4900	94.01	95
4950	94.01	95
5000	94.01	95
5050	94.01	95
5100	94.01	95
5150	94.01	95
5200	94.01	95
5250	94.02	95
5300	94.02	95
5350	94.04	95
5400	94.08	95
5450	94.09	95
5500	94.12	95
5550	94.13	95
5600	94.2	95
5650	94.3	95
5700	94.41	95
5750	94.56	95
5800	94.77	95
5850	95.0	95
5900	95.0	95
5950	95.0	95
6000	95.0	95
6050	95.0	95
6100	95.0	95
6150	95.0	95
6200	95.0	95
6250	95.01	96
6300	95.02	96
6350	95.02	96
6400	95.03	96
6450	95.05	96
6500	95.06	96
6550	95.07	96
6600	95.11	96
6650	95.16	96
6700	95.17	96
6750	95.19	96
6800	95.29	96
6850	95.4	96
6900	95.55	96
6950	95.72	96
7000	95.94	96
7050	96.0	96
7100	96.0	96
7150	96.0	96
7200	96.0	96
7250	96.0	96
7300	96.0	96
7350	96.0	96
7400	96.0	96
7450	96.0	96
7500	96.0	96
7550	96.0	96
7600	96.0	96
7650	96.0	96
7700	96.0	96
7750	96.0	96
7800	96.0	96
7850	96.0	96
7900	96.0	96
7950	96.0	96
8000	96.0	96
8050	96.0	96
8100	96.0	96
8150	96.0	96
8200	96.0	96
8250	96.0	96
8300	96.0	96
8350	96.0	96
8400	96.0	96
8450	96.0	96
8500	96.0	96
8550	96.0	96
8600	96.0	96
8650	96.0	96
8700	96.0	96
8750	96.0	96
8800	96.0	96
8850	96.0	96
8900	96.0	96
8950	96.0	96
9000	96.0	96
9050	96.0	96
9100	96.0	96
9150	96.0	96
9200	96.0	96
9250	96.0	96
9300	96.0	96
9350	96.0	96
9400	96.0	96
9450	96.0	96
9500	96.0	96
9550	96.0	96
9600	96.0	96
9650	96.0	96
9700	96.0	96
9750	96.0	96
9800	96.0	96
9850	96.0	96
9900	96.0	96
9950	96.0	96
10000	96.0	96