Result Log

Number of Runs: 	30
Black Cells Constraint 	True
Mutation Probability: 	0.5
Number of Generations in each run: 	200
Evaluations:  	10000
Random seed: 	5
Log file path+name: 	logs/d1_b
Solution file path+name: 	solutions/d1.txt

run 1
600	40.26	52
1100	50.06	64
1600	57.73	65
2100	63.31	69
2600	66.49	75
3100	69.99	75
3600	73.35	77
4100	75.33	79
4600	77.12	80
5100	78.04	80
5600	79.14	82
6100	80.09	82
6600	81.84	83
7100	82.07	83
7600	82.3	83
8100	82.89	83
8600	83.0	83
9100	83.0	83
9600	83.0	83
10100	83.0	83
run 2
600	37.58	53
1100	48.14	60
1600	54.38	63
2100	60.74	68
2600	65.28	69
3100	68.57	71
3600	69.9	72
4100	71.47	74
4600	72.97	75
5100	74.1	75
5600	74.66	76
6100	75.21	76
6600	75.66	76
7100	76.0	76
7600	76.01	77
8100	76.07	77
8600	76.28	77
9100	76.91	77
9600	77.04	78
10100	77.2	78
run 3
600	12.23	15
1100	13.94	16
1600	15.52	16
2100	16.0	16
2600	16.0	16
3100	16.04	17
3600	16.48	17
4100	17.0	17
4600	17.0	17
5100	17.0	17
5600	17.0	17
6100	17.0	17
6600	17.0	17
7100	17.0	17
7600	17.0	17
8100	17.0	17
8600	17.0	17
9100	17.0	17
9600	17.0	17
10100	17.0	17
run 4
600	4.08	7
1100	4.95	7
1600	6.91	7
2100	7.0	7
2600	7.0	7
3100	7.0	7
3600	7.0	7
4100	7.0	7
4600	7.0	7
5100	7.0	7
5600	7.0	7
6100	7.0	7
6600	7.0	7
7100	7.0	7
7600	7.0	7
8100	7.0	7
8600	7.0	7
9100	7.0	7
9600	7.0	7
10100	7.0	7
run 5
600	3.14	5
1100	5.0	5
1600	5.0	5
2100	5.0	5
2600	5.0	5
3100	5.0	5
3600	5.0	5
4100	5.0	5
4600	5.0	5
5100	5.0	5
5600	5.0	5
6100	5.0	5
6600	5.0	5
7100	5.0	5
7600	5.0	5
8100	5.0	5
8600	5.0	5
9100	5.0	5
9600	5.0	5
10100	5.0	5
run 6
600	51.0	61
1100	59.89	72
1600	66.72	78
2100	72.74	82
2600	78.97	88
3100	83.77	92
3600	87.72	93
4100	91.01	95
4600	93.62	99
5100	95.72	99
5600	97.53	101
6100	98.87	101
6600	100.47	103
7100	102.14	104
7600	103.35	105
8100	104.37	105
8600	105.07	106
9100	105.58	107
9600	106.16	107
10100	107.02	108
run 7
600	3.0	3
1100	3.0	3
1600	3.0	3
2100	3.0	3
2600	3.0	3
3100	3.0	3
3600	3.0	3
4100	3.0	3
4600	3.0	3
5100	3.0	3
5600	3.0	3
6100	3.0	3
6600	3.0	3
7100	3.0	3
7600	3.0	3
8100	3.0	3
8600	3.0	3
9100	3.0	3
9600	3.0	3
10100	3.0	3
run 8
600	55.83	67
1100	63.25	69
1600	67.5	72
2100	69.86	74
2600	72.39	76
3100	74.37	78
3600	76.51	80
4100	78.06	80
4600	79.8	81
5100	80.43	82
5600	81.3	83
6100	82.34	83
6600	83.05	84
7100	83.34	85
7600	84.13	86
8100	84.53	86
8600	85.09	86
9100	85.36	86
9600	86.0	86
10100	86.0	86
run 9
600	16.72	26
1100	18.04	26
1600	23.52	26
2100	26.02	27
2600	26.04	27
3100	26.15	27
3600	26.57	27
4100	27.0	27
4600	27.0	27
5100	27.0	27
5600	27.0	27
6100	27.0	27
6600	27.0	27
7100	27.0	27
7600	27.0	27
8100	27.0	27
8600	27.0	27
9100	27.0	27
9600	27.0	27
10100	27.0	27
run 10
600	28.74	35
1100	36.04	42
1600	39.62	44
2100	43.43	47
2600	45.6	48
3100	47.49	51
3600	49.63	54
4100	51.42	54
4600	53.81	57
5100	54.92	57
5600	56.21	58
6100	57.13	58
6600	57.66	58
7100	58.0	58
7600	58.0	58
8100	58.0	58
8600	58.0	58
9100	58.0	58
9600	58.0	58
10100	58.0	58
run 11
600	3.0	3
1100	3.0	3
1600	3.0	3
2100	3.0	3
2600	3.0	3
3100	3.0	3
3600	3.0	3
4100	3.0	3
4600	3.0	3
5100	3.0	3
5600	3.0	3
6100	3.0	3
6600	3.0	3
7100	3.0	3
7600	3.0	3
8100	3.0	3
8600	3.0	3
9100	3.0	3
9600	3.0	3
10100	3.0	3
run 12
600	46.79	57
1100	54.7	62
1600	59.28	68
2100	63.27	69
2600	67.18	72
3100	71.13	77
3600	74.81	79
4100	77.29	83
4600	79.76	86
5100	82.23	86
5600	83.42	87
6100	84.97	87
6600	86.35	88
7100	87.18	88
7600	87.74	89
8100	88.15	89
8600	88.69	90
9100	89.08	90
9600	89.34	90
10100	90.01	91
run 13
600	28.5	36
1100	35.99	43
1600	37.41	45
2100	41.83	46
2600	44.45	46
3100	46.27	50
3600	47.68	50
4100	48.97	50
4600	49.89	50
5100	50.01	51
5600	50.21	51
6100	51.0	51
6600	51.01	52
7100	51.04	52
7600	51.32	52
8100	52.0	52
8600	52.0	52
9100	52.0	52
9600	52.0	52
10100	52.0	52
run 14
600	21.11	28
1100	21.41	28
1600	23.73	29
2100	29.4	33
2600	32.01	34
3100	33.05	34
3600	33.33	34
4100	34.0	34
4600	34.0	34
5100	34.0	34
5600	34.0	34
6100	34.0	34
6600	34.0	34
7100	34.0	34
7600	34.0	34
8100	34.0	34
8600	34.0	34
9100	34.0	34
9600	34.0	34
10100	34.0	34
run 15
600	5.99	14
1100	13.72	14
1600	14.0	14
2100	14.0	14
2600	14.0	14
3100	14.0	14
3600	14.0	14
4100	14.0	14
4600	14.0	14
5100	14.0	14
5600	14.0	14
6100	14.0	14
6600	14.0	14
7100	14.0	14
7600	14.0	14
8100	14.0	14
8600	14.0	14
9100	14.0	14
9600	14.0	14
10100	14.0	14
run 16
600	5.27	8
1100	8.03	9
1600	8.22	9
2100	9.0	9
2600	9.0	9
3100	9.0	9
3600	9.0	9
4100	9.0	9
4600	9.0	9
5100	9.0	9
5600	9.0	9
6100	9.0	9
6600	9.0	9
7100	9.0	9
7600	9.0	9
8100	9.0	9
8600	9.0	9
9100	9.0	9
9600	9.0	9
10100	9.0	9
run 17
600	3.21	6
1100	6.0	6
1600	6.0	6
2100	6.02	7
2600	6.23	7
3100	7.0	7
3600	7.0	7
4100	7.0	7
4600	7.0	7
5100	7.0	7
5600	7.0	7
6100	7.0	7
6600	7.0	7
7100	7.0	7
7600	7.0	7
8100	7.0	7
8600	7.0	7
9100	7.0	7
9600	7.0	7
10100	7.0	7
run 18
600	32.71	48
1100	42.38	49
1600	48.31	56
2100	51.01	56
2600	54.32	56
3100	55.96	57
3600	56.31	58
4100	57.21	58
4600	57.98	60
5100	58.18	60
5600	58.91	60
6100	59.08	60
6600	59.37	60
7100	60.0	60
7600	60.0	60
8100	60.0	60
8600	60.0	60
9100	60.0	60
9600	60.0	60
10100	60.0	60
run 19
600	12.52	15
1100	14.89	16
1600	15.3	19
2100	16.73	19
2600	19.0	19
3100	19.11	20
3600	19.77	20
4100	20.0	20
4600	20.0	20
5100	20.0	20
5600	20.0	20
6100	20.0	20
6600	20.0	20
7100	20.0	20
7600	20.0	20
8100	20.0	20
8600	20.0	20
9100	20.0	20
9600	20.0	20
10100	20.0	20
run 20
600	40.82	58
1100	50.7	59
1600	55.21	60
2100	58.69	60
2600	59.95	63
3100	60.73	63
3600	61.44	64
4100	62.37	64
4600	63.15	64
5100	63.53	65
5600	64.04	65
6100	64.08	65
6600	64.32	65
7100	65.01	66
7600	65.07	66
8100	65.23	66
8600	65.92	66
9100	66.0	66
9600	66.0	66
10100	66.0	66
run 21
600	16.55	31
1100	27.86	32
1600	31.21	35
2100	33.15	37
2600	34.68	37
3100	36.23	38
3600	37.05	38
4100	37.29	38
4600	38.0	38
5100	38.0	38
5600	38.0	38
6100	38.0	38
6600	38.0	38
7100	38.0	38
7600	38.0	38
8100	38.0	38
8600	38.0	38
9100	38.0	38
9600	38.0	38
10100	38.0	38
run 22
600	4.73	13
1100	10.51	14
1600	14.03	15
2100	14.24	15
2600	15.0	15
3100	15.0	15
3600	15.0	15
4100	15.0	15
4600	15.0	15
5100	15.0	15
5600	15.0	15
6100	15.0	15
6600	15.0	15
7100	15.0	15
7600	15.0	15
8100	15.0	15
8600	15.0	15
9100	15.0	15
9600	15.0	15
10100	15.0	15
run 23
600	32.16	41
1100	37.45	46
1600	42.57	48
2100	46.71	49
2600	49.33	56
3100	55.35	58
3600	56.84	58
4100	57.94	60
4600	58.4	60
5100	59.09	60
5600	59.29	60
6100	59.82	61
6600	60.25	61
7100	60.94	61
7600	61.0	61
8100	61.0	61
8600	61.0	61
9100	61.0	61
9600	61.0	61
10100	61.0	61
run 24
600	24.12	40
1100	39.02	44
1600	40.88	45
2100	43.91	47
2600	46.07	48
3100	47.57	50
3600	48.61	51
4100	49.55	51
4600	50.42	52
5100	51.4	53
5600	52.18	53
6100	52.56	53
6600	53.05	54
7100	53.27	54
7600	53.95	54
8100	54.0	54
8600	54.0	54
9100	54.0	54
9600	54.0	54
10100	54.0	54
run 25
600	39.06	50
1100	47.25	55
1600	51.21	56
2100	53.69	57
2600	55.63	57
3100	56.81	58
3600	57.27	60
4100	58.24	60
4600	59.03	60
5100	59.71	61
5600	60.4	61
6100	61.0	61
6600	61.01	62
7100	61.05	62
7600	61.14	62
8100	61.57	62
8600	62.0	62
9100	62.0	62
9600	62.0	62
10100	62.0	62
run 26
600	23.87	27
1100	26.82	30
1600	29.47	30
2100	30.0	30
2600	30.01	31
3100	30.07	31
3600	30.34	31
4100	31.0	31
4600	31.0	31
5100	31.0	31
5600	31.0	31
6100	31.0	31
6600	31.0	31
7100	31.0	31
7600	31.0	31
8100	31.0	31
8600	31.0	31
9100	31.0	31
9600	31.0	31
10100	31.0	31
run 27
600	39.9	52
1100	50.03	60
1600	57.49	64
2100	61.23	67
2600	64.52	72
3100	69.51	79
3600	74.37	86
4100	80.58	87
4600	84.93	88
5100	86.46	89
5600	87.65	90
6100	88.66	90
6600	89.47	91
7100	90.25	92
7600	91.14	93
8100	92.18	95
8600	93.24	95
9100	94.17	96
9600	94.91	96
10100	95.29	96
run 28
600	17.42	20
1100	19.41	22
1600	20.39	22
2100	22.11	23
2600	22.52	23
3100	23.0	23
3600	23.0	23
4100	23.0	23
4600	23.0	23
5100	23.0	23
5600	23.0	23
6100	23.0	23
6600	23.0	23
7100	23.0	23
7600	23.0	23
8100	23.0	23
8600	23.0	23
9100	23.0	23
9600	23.0	23
10100	23.0	23
run 29
600	61.17	73
1100	69.53	77
1600	75.48	87
2100	79.68	88
2600	83.08	89
3100	86.36	90
3600	88.35	92
4100	90.07	93
4600	91.73	95
5100	93.16	97
5600	94.36	99
6100	96.32	100
6600	97.92	100
7100	99.53	101
7600	100.16	102
8100	100.77	103
8600	101.9	103
9100	103.05	104
9600	103.15	104
10100	103.82	104
run 30
600	50.18	56
1100	53.98	60
1600	56.2	60
2100	58.51	65
2600	61.58	65
3100	63.74	66
3600	65.14	66
4100	65.71	66
4600	66.04	67
5100	66.13	67
5600	66.43	67
6100	67.0	67
6600	67.0	67
7100	67.0	67
7600	67.0	67
8100	67.0	67
8600	67.0	67
9100	67.0	67
9600	67.0	67
10100	67.0	67