Result Log

Number of Runs: 	30
Black Cells Constraint 	False
Mutation Probability: 	0.5
Number of Generations in each run: 	200
Evaluations:  	10000
Random seed: 	5
Log file path+name: 	logs/d1_penalty1
Solution file path+name: 	solutions/d1_penalty1.txt

run 1
150	15.074000000000002	53.8
200	34.68000000000001	64.39999999999999
250	45.715999999999994	64.39999999999999
300	51.07	74.2
350	55.87200000000003	74.2
400	59.94399999999999	76.6
450	64.58599999999997	76.6
500	68.36799999999995	84.6
550	71.56	84.6
600	74.27	84.6
650	77.322	91.8
700	79.918	91.8
750	81.86800000000002	91.8
800	84.03000000000002	92.60000000000005
850	86.78399999999999	95.00000000000003
900	88.706	95.20000000000003
950	90.22200000000004	97.40000000000003
1000	91.27800000000008	97.40000000000003
1050	92.88	98.40000000000003
1100	94.354	102.20000000000003
1150	95.58200000000002	102.20000000000003
1200	96.72800000000002	102.20000000000006
1250	97.91600000000004	102.80000000000004
1300	99.31400000000005	103.80000000000005
1350	100.34800000000001	106.80000000000004
1400	101.43799999999996	106.80000000000004
1450	102.54	107.20000000000005
1500	103.538	109.60000000000005
1550	104.36200000000004	109.60000000000005
1600	105.18800000000003	109.60000000000005
1650	105.79600000000003	109.60000000000005
1700	106.49400000000006	110.00000000000003
1750	107.30400000000003	111.00000000000003
1800	108.16800000000003	111.80000000000003
1850	109.19200000000002	112.60000000000005
1900	109.93799999999996	112.60000000000005
1950	110.76599999999993	114.00000000000009
2000	111.57000000000008	114.60000000000011
2050	112.27800000000006	115.60000000000005
2100	112.95200000000008	116.80000000000004
2150	113.41599999999998	117.20000000000005
2200	113.9760000000001	117.20000000000005
2250	114.338	117.20000000000005
2300	114.73600000000016	117.20000000000005
2350	115.12600000000003	118.20000000000005
2400	115.47800000000002	118.20000000000005
2450	115.84000000000013	118.20000000000005
2500	116.28999999999995	119.00000000000006
2550	116.86000000000017	119.20000000000005
2600	117.35600000000005	119.40000000000006
2650	117.75400000000008	120.60000000000007
2700	118.13599999999992	120.60000000000007
2750	118.46799999999996	120.60000000000007
2800	118.77799999999999	120.80000000000011
2850	119.03199999999994	120.80000000000011
2900	119.4219999999999	120.80000000000011
2950	119.68600000000008	121.00000000000006
3000	119.91400000000009	121.2000000000001
3050	120.12000000000003	121.2000000000001
3100	120.27799999999999	121.60000000000011
3150	120.49799999999999	121.80000000000007
3200	120.69200000000006	121.8000000000001
3250	120.87200000000006	122.20000000000009
3300	120.99800000000005	122.20000000000009
3350	121.23600000000008	123.20000000000013
3400	121.50000000000013	123.20000000000013
3450	121.65800000000003	123.20000000000013
3500	121.80200000000002	123.20000000000013
3550	121.93200000000012	123.20000000000013
3600	122.10000000000002	123.20000000000013
3650	122.19799999999995	123.20000000000013
3700	122.368	123.20000000000013
3750	122.49800000000009	123.40000000000012
3800	122.62200000000021	123.8000000000001
3850	122.7220000000002	124.0000000000001
3900	122.8900000000002	124.0000000000001
3950	123.10800000000006	124.0000000000001
4000	123.33199999999995	124.20000000000009
4050	123.4880000000001	124.20000000000009
4100	123.6360000000001	124.20000000000009
4150	123.77000000000011	124.20000000000009
4200	123.86600000000017	124.20000000000009
4250	123.95200000000015	124.20000000000009
4300	124.00800000000018	124.20000000000009
4350	124.06200000000024	124.20000000000009
4400	124.08800000000024	124.20000000000009
4450	124.11800000000021	124.20000000000009
4500	124.15800000000023	124.20000000000009
4550	124.20000000000023	124.20000000000009
4600	124.20000000000023	124.20000000000009
4650	124.20000000000023	124.20000000000009
4700	124.20000000000023	124.20000000000009
4750	124.20000000000023	124.20000000000009
4800	124.20000000000023	124.20000000000009
4850	124.20000000000023	124.20000000000009
4900	124.20000000000023	124.20000000000009
4950	124.20000000000023	124.20000000000009
5000	124.20000000000023	124.20000000000009
5050	124.20000000000023	124.20000000000009
5100	124.20000000000023	124.20000000000009
5150	124.20000000000023	124.20000000000009
5200	124.20000000000023	124.20000000000009
5250	124.20000000000023	124.20000000000009
5300	124.20000000000023	124.20000000000009
5350	124.20000000000023	124.20000000000009
5400	124.20000000000023	124.20000000000009
5450	124.20000000000023	124.20000000000009
5500	124.20000000000023	124.20000000000009
5550	124.20000000000023	124.20000000000009
5600	124.20000000000023	124.20000000000009
5650	124.20000000000023	124.20000000000009
5700	124.20000000000023	124.20000000000009
5750	124.20000000000023	124.20000000000009
5800	124.20000000000023	124.20000000000009
5850	124.20000000000023	124.20000000000009
5900	124.20000000000023	124.20000000000009
5950	124.20000000000023	124.20000000000009
6000	124.20000000000023	124.20000000000009
6050	124.20000000000023	124.20000000000009
6100	124.20000000000023	124.20000000000009
6150	124.20000000000023	124.20000000000009
6200	124.20000000000023	124.20000000000009
6250	124.20000000000023	124.20000000000009
6300	124.20000000000023	124.20000000000009
6350	124.20000000000023	124.20000000000009
6400	124.20000000000023	124.20000000000009
6450	124.20000000000023	124.20000000000009
6500	124.20000000000023	124.20000000000009
6550	124.20000000000023	124.20000000000009
6600	124.20000000000023	124.20000000000009
6650	124.20000000000023	124.20000000000009
6700	124.20000000000023	124.20000000000009
6750	124.20000000000023	124.20000000000009
6800	124.20000000000023	124.20000000000009
6850	124.20000000000023	124.20000000000009
6900	124.20000000000023	124.20000000000009
6950	124.20000000000023	124.20000000000009
7000	124.20000000000023	124.20000000000009
7050	124.20000000000023	124.20000000000009
7100	124.20000000000023	124.20000000000009
7150	124.20000000000023	124.20000000000009
7200	124.20000000000023	124.20000000000009
7250	124.20000000000023	124.20000000000009
7300	124.20000000000023	124.20000000000009
7350	124.20000000000023	124.20000000000009
7400	124.20000000000023	124.20000000000009
7450	124.20000000000023	124.20000000000009
7500	124.20000000000023	124.20000000000009
7550	124.20000000000023	124.20000000000009
7600	124.20000000000023	124.20000000000009
7650	124.20000000000023	124.20000000000009
7700	124.20000000000023	124.20000000000009
7750	124.20000000000023	124.20000000000009
7800	124.20000000000023	124.20000000000009
7850	124.20000000000023	124.20000000000009
7900	124.20000000000023	124.20000000000009
7950	124.20000000000023	124.20000000000009
8000	124.20000000000023	124.20000000000009
8050	124.20000000000023	124.20000000000009
8100	124.20000000000023	124.20000000000009
8150	124.20000000000023	124.20000000000009
8200	124.20000000000023	124.20000000000009
8250	124.20000000000023	124.20000000000009
8300	124.20000000000023	124.20000000000009
8350	124.20000000000023	124.20000000000009
8400	124.20000000000023	124.20000000000009
8450	124.20000000000023	124.20000000000009
8500	124.20000000000023	124.20000000000009
8550	124.20000000000023	124.20000000000009
8600	124.20000000000023	124.20000000000009
8650	124.20000000000023	124.20000000000009
8700	124.20000000000023	124.20000000000009
8750	124.20000000000023	124.20000000000009
8800	124.20000000000023	124.20000000000009
8850	124.20000000000023	124.20000000000009
8900	124.20000000000023	124.20000000000009
8950	124.20000000000023	124.20000000000009
9000	124.20000000000023	124.20000000000009
9050	124.20000000000023	124.20000000000009
9100	124.20000000000023	124.20000000000009
9150	124.20000000000023	124.20000000000009
9200	124.20000000000023	124.20000000000009
9250	124.20000000000023	124.20000000000009
9300	124.20000000000023	124.20000000000009
9350	124.20000000000023	124.20000000000009
9400	124.20000000000023	124.20000000000009
9450	124.20000000000023	124.20000000000009
9500	124.20000000000023	124.20000000000009
9550	124.20000000000023	124.20000000000009
9600	124.20000000000023	124.20000000000009
9650	124.20000000000023	124.20000000000009
9700	124.20000000000023	124.20000000000009
9750	124.20000000000023	124.20000000000009
9800	124.20000000000023	124.20000000000009
9850	124.20000000000023	124.20000000000009
9900	124.20000000000023	124.20000000000009
9950	124.20000000000023	124.20000000000009
10000	124.20000000000023	124.20000000000009
run 2
150	24.61	67
200	52.848000000000056	71
250	62.100000000000065	73.8
300	64.98200000000006	76.8
350	68.14400000000009	77.8
400	70.36400000000008	82.8
450	73.08400000000006	82.8
500	75.66800000000006	85
550	77.61800000000005	86.6
600	79.36600000000004	86.6
650	81.63400000000004	93.20000000000003
700	83.90000000000008	96.80000000000004
750	85.78400000000003	96.80000000000004
800	88.12600000000006	96.80000000000004
850	90.69800000000005	99.8
900	92.63600000000004	103.0
950	95.11999999999998	103.0
1000	97.68199999999997	107.60000000000002
1050	99.34400000000001	107.60000000000002
1100	100.84400000000001	107.80000000000004
1150	102.34000000000002	107.80000000000004
1200	103.41600000000003	107.80000000000004
1250	104.49600000000005	111.00000000000003
1300	105.86400000000003	113.00000000000004
1350	106.854	113.4
1400	107.61400000000002	113.4
1450	108.39200000000004	115.4
1500	109.11199999999997	115.4
1550	109.738	115.4
1600	110.74999999999996	116.80000000000004
1650	111.69999999999996	117.20000000000007
1700	112.426	117.20000000000007
1750	113.70200000000004	118.00000000000003
1800	114.65800000000002	118.20000000000002
1850	115.516	118.80000000000004
1900	116.3040000000001	120.00000000000003
1950	116.93799999999993	120.00000000000003
2000	117.516	120.00000000000003
2050	118.11200000000002	121.00000000000003
2100	118.58200000000002	121.00000000000003
2150	118.96000000000004	121.00000000000003
2200	119.35399999999994	121.00000000000003
2250	119.66000000000005	121.00000000000007
2300	119.91800000000005	121.20000000000006
2350	120.15399999999995	121.20000000000006
2400	120.38999999999986	122.00000000000003
2450	120.60800000000005	122.00000000000003
2500	120.7900000000001	122.00000000000003
2550	120.97000000000008	122.00000000000007
2600	121.13400000000003	122.20000000000006
2650	121.31999999999991	122.80000000000008
2700	121.45799999999996	122.80000000000008
2750	121.62800000000004	122.80000000000008
2800	121.80400000000013	122.80000000000008
2850	121.98000000000015	122.80000000000008
2900	122.11600000000004	123.20000000000006
2950	122.2919999999999	123.60000000000008
3000	122.42199999999991	123.80000000000007
3050	122.60399999999994	123.80000000000007
3100	122.76000000000013	123.8000000000001
3150	122.90200000000013	123.8000000000001
3200	123.05600000000013	123.8000000000001
3250	123.2279999999999	124.00000000000007
3300	123.34799999999989	124.00000000000007
3350	123.48199999999996	124.20000000000006
3400	123.56399999999998	124.60000000000008
3450	123.65799999999997	124.60000000000008
3500	123.762	124.60000000000008
3550	123.80600000000004	124.60000000000008
3600	123.87200000000013	124.60000000000008
3650	123.91800000000018	124.60000000000008
3700	123.94600000000017	124.60000000000008
3750	124.03000000000014	125.00000000000007
3800	124.12200000000011	125.00000000000007
3850	124.16400000000004	125.00000000000009
3900	124.25999999999993	125.00000000000009
3950	124.38799999999999	125.00000000000009
4000	124.47399999999999	125.00000000000009
4050	124.58000000000004	125.00000000000009
4100	124.63800000000003	125.00000000000009
4150	124.70800000000001	125.20000000000007
4200	124.78000000000006	125.20000000000007
4250	124.8360000000001	125.20000000000007
4300	124.9080000000001	125.20000000000007
4350	124.95600000000009	125.20000000000007
4400	125.0060000000001	125.20000000000007
4450	125.03800000000015	125.20000000000007
4500	125.04600000000019	125.20000000000007
4550	125.06600000000026	125.20000000000007
4600	125.10600000000022	125.20000000000007
4650	125.14800000000021	125.20000000000007
4700	125.18400000000025	125.20000000000007
4750	125.20000000000023	125.20000000000007
4800	125.20000000000023	125.20000000000007
4850	125.20000000000023	125.20000000000007
4900	125.20000000000023	125.20000000000007
4950	125.20000000000023	125.20000000000007
5000	125.20000000000023	125.20000000000007
5050	125.20000000000023	125.20000000000007
5100	125.20000000000023	125.20000000000007
5150	125.20000000000023	125.20000000000007
5200	125.20000000000023	125.20000000000007
5250	125.20000000000023	125.20000000000007
5300	125.20000000000023	125.20000000000007
5350	125.20000000000023	125.20000000000007
5400	125.20000000000023	125.20000000000007
5450	125.20000000000023	125.20000000000007
5500	125.20000000000023	125.20000000000007
5550	125.20000000000023	125.20000000000007
5600	125.20000000000023	125.20000000000007
5650	125.20000000000023	125.20000000000007
5700	125.20000000000023	125.20000000000007
5750	125.20000000000023	125.20000000000007
5800	125.20000000000023	125.20000000000007
5850	125.20000000000023	125.20000000000007
5900	125.20000000000023	125.20000000000007
5950	125.20000000000023	125.20000000000007
6000	125.20000000000023	125.20000000000007
6050	125.20000000000023	125.20000000000007
6100	125.20000000000023	125.20000000000007
6150	125.20000000000023	125.20000000000007
6200	125.20000000000023	125.20000000000007
6250	125.20000000000023	125.20000000000007
6300	125.20000000000023	125.20000000000007
6350	125.20000000000023	125.20000000000007
6400	125.20000000000023	125.20000000000007
6450	125.20000000000023	125.20000000000007
6500	125.20000000000023	125.20000000000007
6550	125.20000000000023	125.20000000000007
6600	125.20000000000023	125.20000000000007
6650	125.20000000000023	125.20000000000007
6700	125.20000000000023	125.20000000000007
6750	125.20000000000023	125.20000000000007
6800	125.20000000000023	125.20000000000007
6850	125.20000000000023	125.20000000000007
6900	125.20000000000023	125.20000000000007
6950	125.20000000000023	125.20000000000007
7000	125.20000000000023	125.20000000000007
7050	125.20000000000023	125.20000000000007
7100	125.20000000000023	125.20000000000007
7150	125.20000000000023	125.20000000000007
7200	125.20000000000023	125.20000000000007
7250	125.20000000000023	125.20000000000007
7300	125.20000000000023	125.20000000000007
7350	125.20000000000023	125.20000000000007
7400	125.20000000000023	125.20000000000007
7450	125.20000000000023	125.20000000000007
7500	125.20000000000023	125.20000000000007
7550	125.20000000000023	125.20000000000007
7600	125.20000000000023	125.20000000000007
7650	125.20000000000023	125.20000000000007
7700	125.20000000000023	125.20000000000007
7750	125.20000000000023	125.20000000000007
7800	125.20000000000023	125.20000000000007
7850	125.20000000000023	125.20000000000007
7900	125.20000000000023	125.20000000000007
7950	125.20000000000023	125.20000000000007
8000	125.20000000000023	125.20000000000007
8050	125.20000000000023	125.20000000000007
8100	125.20000000000023	125.20000000000007
8150	125.20000000000023	125.20000000000007
8200	125.20000000000023	125.20000000000007
8250	125.20000000000023	125.20000000000007
8300	125.20000000000023	125.20000000000007
8350	125.20000000000023	125.20000000000007
8400	125.20000000000023	125.20000000000007
8450	125.20000000000023	125.20000000000007
8500	125.20000000000023	125.20000000000007
8550	125.20000000000023	125.20000000000007
8600	125.20000000000023	125.20000000000007
8650	125.20000000000023	125.20000000000007
8700	125.20000000000023	125.20000000000007
8750	125.20000000000023	125.20000000000007
8800	125.20000000000023	125.20000000000007
8850	125.20000000000023	125.20000000000007
8900	125.20000000000023	125.20000000000007
8950	125.20000000000023	125.20000000000007
9000	125.20000000000023	125.20000000000007
9050	125.20000000000023	125.20000000000007
9100	125.20000000000023	125.20000000000007
9150	125.20000000000023	125.20000000000007
9200	125.20000000000023	125.20000000000007
9250	125.20000000000023	125.20000000000007
9300	125.20000000000023	125.20000000000007
9350	125.20000000000023	125.20000000000007
9400	125.20000000000023	125.20000000000007
9450	125.20000000000023	125.20000000000007
9500	125.20000000000023	125.20000000000007
9550	125.20000000000023	125.20000000000007
9600	125.20000000000023	125.20000000000007
9650	125.20000000000023	125.20000000000007
9700	125.20000000000023	125.20000000000007
9750	125.20000000000023	125.20000000000007
9800	125.20000000000023	125.20000000000007
9850	125.20000000000023	125.20000000000007
9900	125.20000000000023	125.20000000000007
9950	125.20000000000023	125.20000000000007
10000	125.20000000000023	125.20000000000007
run 3
150	17.93799999999999	59
200	39.576000000000015	70
250	46.79000000000003	70
300	54.380000000000024	76.4
350	61.07000000000003	84
400	65.85800000000003	84
450	70.56000000000006	86
500	75.12200000000006	87.8
550	78.59200000000007	92.60000000000002
600	82.01600000000006	92.60000000000002
650	83.80800000000005	92.60000000000002
700	85.68000000000004	93.60000000000001
750	88.06800000000004	97.60000000000002
800	89.81000000000006	100.20000000000002
850	92.09600000000002	100.20000000000002
900	94.04200000000003	102.00000000000003
950	95.46000000000005	102.00000000000003
1000	96.76000000000003	104.20000000000002
1050	98.20800000000003	104.20000000000002
1100	99.30199999999996	104.20000000000002
1150	100.48200000000003	109.00000000000003
1200	101.83400000000002	109.80000000000001
1250	102.906	109.80000000000001
1300	104.13199999999998	110.80000000000003
1350	105.39400000000003	111.20000000000006
1400	106.46799999999998	111.20000000000006
1450	107.692	113.8000000000001
1500	108.74799999999999	116.40000000000006
1550	110.10799999999999	116.40000000000006
1600	111.30400000000002	116.40000000000006
1650	112.03600000000002	116.40000000000006
1700	112.96799999999993	116.40000000000006
1750	113.788	116.40000000000006
1800	114.42200000000003	118.20000000000007
1850	115.00400000000003	118.20000000000007
1900	115.572	119.20000000000009
1950	116.15600000000002	119.20000000000009
2000	116.456	119.20000000000009
2050	116.87400000000011	119.20000000000009
2100	117.19800000000014	119.20000000000009
2150	117.64400000000022	119.20000000000009
2200	118.03800000000005	119.40000000000006
2250	118.33600000000006	119.40000000000006
2300	118.6500000000002	120.20000000000007
2350	118.8660000000001	120.20000000000007
2400	119.112	120.40000000000009
2450	119.2839999999999	121.40000000000009
2500	119.42599999999997	121.40000000000009
2550	119.54600000000002	121.40000000000009
2600	119.69800000000005	121.4000000000001
2650	119.90800000000007	121.4000000000001
2700	120.08400000000005	121.60000000000008
2750	120.296	121.6000000000001
2800	120.43399999999998	121.6000000000001
2850	120.65800000000007	121.80000000000007
2900	120.85400000000016	122.00000000000011
2950	121.11800000000002	122.60000000000008
3000	121.40200000000017	122.60000000000008
3050	121.58400000000023	122.60000000000008
3100	121.76800000000021	122.60000000000008
3150	121.96600000000011	122.6000000000001
3200	122.13199999999998	122.6000000000001
3250	122.24599999999991	122.6000000000001
3300	122.32999999999994	122.6000000000001
3350	122.40200000000006	122.6000000000001
3400	122.45800000000027	123.00000000000011
3450	122.4780000000003	123.00000000000011
3500	122.50800000000031	123.2000000000001
3550	122.54400000000027	123.2000000000001
3600	122.6120000000002	123.40000000000009
3650	122.66600000000017	123.40000000000009
3700	122.69600000000017	123.60000000000008
3750	122.75800000000012	123.60000000000008
3800	122.81000000000012	123.60000000000008
3850	122.93400000000007	123.60000000000008
3900	123.05999999999996	123.60000000000008
3950	123.25199999999988	123.60000000000008
4000	123.33999999999995	123.60000000000008
4050	123.39799999999995	123.60000000000008
4100	123.456	123.60000000000008
4150	123.47600000000007	123.60000000000008
4200	123.49400000000014	123.60000000000008
4250	123.51800000000024	123.60000000000008
4300	123.55000000000025	123.60000000000008
4350	123.59000000000023	123.60000000000008
4400	123.60000000000024	123.60000000000008
4450	123.60000000000024	123.60000000000008
4500	123.60000000000024	123.60000000000008
4550	123.60000000000024	123.60000000000008
4600	123.60000000000024	123.60000000000008
4650	123.60000000000024	123.60000000000008
4700	123.60000000000024	123.60000000000008
4750	123.60000000000024	123.60000000000008
4800	123.60000000000024	123.60000000000008
4850	123.60000000000024	123.60000000000008
4900	123.60000000000024	123.60000000000008
4950	123.60000000000024	123.60000000000008
5000	123.60000000000024	123.60000000000008
5050	123.60000000000024	123.60000000000008
5100	123.60000000000024	123.60000000000008
5150	123.60000000000024	123.60000000000008
5200	123.60000000000024	123.60000000000008
5250	123.60000000000024	123.60000000000008
5300	123.60000000000024	123.60000000000008
5350	123.60000000000024	123.60000000000008
5400	123.60000000000024	123.60000000000008
5450	123.60000000000024	123.60000000000008
5500	123.60000000000024	123.60000000000008
5550	123.60000000000024	123.60000000000008
5600	123.60000000000024	123.60000000000008
5650	123.60000000000024	123.60000000000008
5700	123.60000000000024	123.60000000000008
5750	123.60000000000024	123.60000000000008
5800	123.60000000000024	123.60000000000008
5850	123.60000000000024	123.60000000000008
5900	123.60000000000024	123.60000000000008
5950	123.60000000000024	123.60000000000008
6000	123.60000000000024	123.60000000000008
6050	123.60000000000024	123.60000000000008
6100	123.60000000000024	123.60000000000008
6150	123.60000000000024	123.60000000000008
6200	123.60000000000024	123.60000000000008
6250	123.60000000000024	123.60000000000008
6300	123.60000000000024	123.60000000000008
6350	123.60000000000024	123.60000000000008
6400	123.60000000000024	123.60000000000008
6450	123.60000000000024	123.60000000000008
6500	123.60000000000024	123.60000000000008
6550	123.60000000000024	123.60000000000008
6600	123.60000000000024	123.60000000000008
6650	123.60000000000024	123.60000000000008
6700	123.60000000000024	123.60000000000008
6750	123.60000000000024	123.60000000000008
6800	123.60000000000024	123.60000000000008
6850	123.60000000000024	123.60000000000008
6900	123.60000000000024	123.60000000000008
6950	123.60000000000024	123.60000000000008
7000	123.60000000000024	123.60000000000008
7050	123.60000000000024	123.60000000000008
7100	123.60000000000024	123.60000000000008
7150	123.60000000000024	123.60000000000008
7200	123.60000000000024	123.60000000000008
7250	123.60000000000024	123.60000000000008
7300	123.60000000000024	123.60000000000008
7350	123.60000000000024	123.60000000000008
7400	123.60000000000024	123.60000000000008
7450	123.60000000000024	123.60000000000008
7500	123.60000000000024	123.60000000000008
7550	123.60000000000024	123.60000000000008
7600	123.60000000000024	123.60000000000008
7650	123.60000000000024	123.60000000000008
7700	123.60000000000024	123.60000000000008
7750	123.60000000000024	123.60000000000008
7800	123.60000000000024	123.60000000000008
7850	123.60000000000024	123.60000000000008
7900	123.60000000000024	123.60000000000008
7950	123.60000000000024	123.60000000000008
8000	123.60000000000024	123.60000000000008
8050	123.60000000000024	123.60000000000008
8100	123.60000000000024	123.60000000000008
8150	123.60000000000024	123.60000000000008
8200	123.60000000000024	123.60000000000008
8250	123.60000000000024	123.60000000000008
8300	123.60000000000024	123.60000000000008
8350	123.60000000000024	123.60000000000008
8400	123.60000000000024	123.60000000000008
8450	123.60000000000024	123.60000000000008
8500	123.60000000000024	123.60000000000008
8550	123.60000000000024	123.60000000000008
8600	123.60000000000024	123.60000000000008
8650	123.60000000000024	123.60000000000008
8700	123.60000000000024	123.60000000000008
8750	123.60000000000024	123.60000000000008
8800	123.60000000000024	123.60000000000008
8850	123.60000000000024	123.60000000000008
8900	123.60000000000024	123.60000000000008
8950	123.60000000000024	123.60000000000008
9000	123.60000000000024	123.60000000000008
9050	123.60000000000024	123.60000000000008
9100	123.60000000000024	123.60000000000008
9150	123.60000000000024	123.60000000000008
9200	123.60000000000024	123.60000000000008
9250	123.60000000000024	123.60000000000008
9300	123.60000000000024	123.60000000000008
9350	123.60000000000024	123.60000000000008
9400	123.60000000000024	123.60000000000008
9450	123.60000000000024	123.60000000000008
9500	123.60000000000024	123.60000000000008
9550	123.60000000000024	123.60000000000008
9600	123.60000000000024	123.60000000000008
9650	123.60000000000024	123.60000000000008
9700	123.60000000000024	123.60000000000008
9750	123.60000000000024	123.60000000000008
9800	123.60000000000024	123.60000000000008
9850	123.60000000000024	123.60000000000008
9900	123.60000000000024	123.60000000000008
9950	123.60000000000024	123.60000000000008
10000	123.60000000000024	123.60000000000008
run 4
150	33.544	86.00000000000003
200	67.87199999999999	91.00000000000003
250	76.464	91.00000000000003
300	80.71800000000002	91.00000000000003
350	84.58800000000005	92.00000000000003
400	86.75600000000004	93.00000000000004
450	88.13200000000005	93.00000000000004
500	89.29000000000002	95.20000000000007
550	90.32400000000001	99.00000000000004
600	91.68200000000003	99.00000000000004
650	92.80800000000006	99.60000000000007
700	93.92600000000007	99.60000000000007
750	95.31800000000007	102.60000000000008
800	96.89000000000004	102.60000000000008
850	98.12000000000003	104.60000000000011
900	99.36400000000003	104.60000000000011
950	100.49600000000004	104.60000000000011
1000	101.55200000000006	105.40000000000006
1050	102.51600000000002	106.80000000000011
1100	103.79800000000003	108.60000000000005
1150	104.74400000000009	109.00000000000011
1200	106.03000000000007	110.60000000000012
1250	106.80200000000006	111.20000000000013
1300	107.68000000000008	111.60000000000012
1350	108.55400000000013	114.40000000000009
1400	109.52000000000018	115.40000000000018
1450	110.36600000000017	115.40000000000018
1500	111.04400000000012	115.40000000000018
1550	111.64800000000008	115.40000000000018
1600	112.20200000000014	115.40000000000018
1650	112.57200000000013	115.40000000000018
1700	113.0420000000001	115.60000000000025
1750	113.43800000000012	116.20000000000019
1800	113.89600000000014	116.40000000000022
1850	114.25600000000017	116.40000000000022
1900	114.66400000000014	117.0000000000002
1950	115.13600000000018	117.40000000000018
2000	115.5960000000002	117.40000000000018
2050	115.93000000000005	117.40000000000018
2100	116.14200000000004	117.40000000000018
2150	116.48400000000032	117.4000000000002
2200	116.67400000000022	118.00000000000018
2250	116.89200000000014	118.0000000000002
2300	117.146	118.40000000000022
2350	117.3980000000002	119.00000000000018
2400	117.58800000000036	119.00000000000018
2450	117.6980000000002	119.00000000000018
2500	117.82200000000019	119.00000000000018
2550	117.99200000000019	119.20000000000019
2600	118.12600000000013	119.20000000000019
2650	118.2480000000001	119.80000000000021
2700	118.41400000000017	119.80000000000021
2750	118.62400000000032	119.80000000000024
2800	118.91600000000028	120.00000000000024
2850	119.1760000000001	120.40000000000023
2900	119.37600000000032	120.40000000000023
2950	119.5120000000005	120.40000000000023
3000	119.60400000000041	120.40000000000023
3050	119.72600000000037	120.40000000000026
3100	119.87600000000025	120.80000000000021
3150	119.92800000000021	120.80000000000024
3200	120.05600000000017	121.4000000000002
3250	120.13000000000005	121.40000000000023
3300	120.26400000000012	121.40000000000023
3350	120.38000000000031	121.60000000000022
3400	120.51000000000043	121.60000000000022
3450	120.62800000000041	121.60000000000022
3500	120.73800000000034	121.80000000000021
3550	120.88200000000019	121.80000000000021
3600	120.96800000000013	121.80000000000021
3650	121.05400000000009	121.80000000000021
3700	121.1580000000001	121.80000000000021
3750	121.24600000000021	121.80000000000021
3800	121.33800000000036	121.80000000000021
3850	121.45200000000035	121.80000000000021
3900	121.51400000000034	121.80000000000021
3950	121.54200000000031	121.80000000000021
4000	121.60200000000039	121.80000000000021
4050	121.6200000000004	121.80000000000021
4100	121.62600000000042	121.80000000000021
4150	121.62600000000042	121.80000000000021
4200	121.64000000000047	121.80000000000021
4250	121.64800000000051	121.80000000000021
4300	121.66000000000055	121.80000000000021
4350	121.67600000000057	121.80000000000021
4400	121.70000000000054	121.80000000000021
4450	121.72000000000052	121.80000000000021